35434687
35434682
35434347
35434204
35433557
35433541
35433531
35433322
35433053
35432619
35432151
35431881
35431842
35431691
35431658
35431403
35431398
35431242
35431034
35430271
35430092
35430001
35429791
35429573
35429399
35429261
35429016
35428488
35428040
35425611
35422810
35422565
35421963
35421914
35421764
35420643
35420627
35420565
35420278
35419946
35419244
35419191
35418813
35418709
35418390
35418075
35417745
35417544
35417513
35417314
35417006
35416840
35416437
35416359
35415196
35415186
35414491
35414356
35413949
35413893
35413715
35413543
35412483
35412189
35411333
35411216
35411172
35411017
35410986
35410972
35410933
35410927
35410884
35410717
35410644
35409960
35409924
35409815
35409644
35409141
35407640
35407562
35407382
35407054
35405524
35405186
35404760
35404248
35404239
35404175
35403975
35403679
35403066
35402784
35402744
35402214
35402152
35401948
35401917
35401774
35401574
35401523
35401521
35400975
35400126
35399911
35399549
35399476
35398877
35397801
35397762
35397002
35396576
35396239
35395090
35394732
35394713
35394410
35394163
35393771
35393365
35392323
35392182
35391879
35391623
35390511
35390469
35390293
35389890
35389574
35389494
35389467
35389457
35388764
35388427
35388183
35388182
35388072
35387441
35385677
35385200
35385148
35385125
35384908
35384599
35383754
35383586
35383550
35383423
35383360
35383321
35383311
35383197
35382995
35382920
35382728
35382627
35382510
35382084
35382075
35381597
35381331
35381027
35380990
35380942
35380318
35379408
35379312
35379224
35378898
35378797
35378724
35378541
35378106
35377583
35377577
35377212
35376988
35373869
35373863
35373242
35373172
35373158
35373130
35373118
35372848
35372430
35371880
35371817
35371682
35371472
35370886
35370624
35370620
35370617
35370531
35370316
35370314
35369686
35369001
35368999
35368611
35368517
35368387
35366736
35366515
35366287
35366017
35365631
35365568
35365499
35364700
35364615
35364291
35364286
35364273
35363975
35363367
35362809
35362314
35362313
35362302
35362024
35361494
35360923
35360787
35360744
35360723
35360197
35360001
35359902
35359819
35359614
35359346
35359294
35358268
35357608
35357347
35357249
35357022
35356830
35356165
35356073
35356001
35355964
35355961
35355927
35355308
35355291
35355237
35354687
35354642
35354589
35353232
35352761
35352508
35352483
35352005
35351846
35351759
35351486
35350712
35350554
35350485
35350258
35350104
35349906
35349797
35349499
35348503
35348443
35348379
35347854
35347344
35347318
35346727
35346138
35346076
35346011
35345947
35345906
35345826
35345745
35345699
35345696
35345420
35344042
35342636
35342470
35342434
35342317
35341944
35341334
35340456
35340304
35339941
35339673
35339672
35339493
35339066
35338366
35338102
35338032
35337276
35337143
35337044
35337005
35336900
35336791
35334962
35334595
35334524
35334213
35333613
35333125
35332517
35332308
35332104
35331679
35331502
35331030
35330787
35330485
35330328
35330212
35330108
35330065
35330051
35330044
35329867
35329428
35329184
35328506
35327637
35327531
35327007
35326958
35326071
35326069
35326056
35325625
35325624
35325450
35325308
35325137
35324536
35323991
35323978
35322771
35322375
35322211
35321771
35321608
35321473
35320917
35320821
35320627
35320385
35319744
35319743
35319451
35319081
35318939
35318531
35317885
35317815
35317812
35317791
35317638
35317303
35317091
35317032
35316988
35316977
35316904
35315447
35315407
35315399
35315262
35315087
35314921
35314503
35313959
35313890
35313700
35313634
35313371
35313345
35313326
35312505
35312423
35311925
35311915
35311913
35311631
35311055
35311051
35310855
35310314
35309488
35309344
35309052
35308999
35308888
35308680
35308222
35308063
35307637
35307540
35307156
35307048
35306969
35306658
35306376
35306293
35306242
35306004
35305515
35304709
35304621
35304386
35304353
35304157
35303135
35302260
35301248
35301101
35300573
35300232
35299936
35298894
35298664
35297773
35297561
35296346
35296278
35296042
35295965
35295694
35295410
35294748
35294747
35294728
35294611
35294563
35294060
35292614
35291542
35291364
35291316
35291305
35291195
35290729
35290661
35289668
35289657
35289448
35289272
35288643
35288537
35287619
35287406
35287333
35287259
35287179
35287009
35286406
35285122
35285072
35285070
35284919
35284354
35284299
35284020
35283772
35283631
35283463
35283461
35283402
35282865
35282780
35282597
35282425
35281581
35281175
35280890
35280880
35280874
35280660
35280351
35279794
35279759
35279711
35279666
35279295
35279094
35279059
35278727
35278631
35277562
35277048
35277001
35275339
35274818
35273894
35273884
35273882
35273416
35272964
35272932
35272262
35271880
35271384
35271343
35271227
35270905
35269498
35269410
35268542
35268506
35268400
35268325
35268069
35267974
35267190
35267156
35266533
35266262
35266128
35265728
35265644
35265414
35265086
35264553
35264409
35264326
35264214
35264107
35264003
35263947
35263740
35263053
35262863
35262794
35262694
35261991
35261920
35261913
35261766
35260380
35259813
35259802
35259179
35258788
35258587
35258506
35258437
35258135
35257903
35257690
35256481
35256479
35256450
35256368
35256357
35256228
35255736
35255491
35254883
35254129
35253006
35251950
35251835
35251723
35251722
35251662
35251327
35251264
35251006
35250860
35250853
35250714
35250402
35250251
35250140
35249922
35249890
35249215
35249186
35249144
35248780
35248190
35248142
35247198
35247132
35246288
35246280
35245941
35245245
35244880
35244832
35244366
35244354
35243616
35243198
35242762
35242646
35242250
35241761
35241685
35241550
35241472
35241411
35241251
35241250
35241158
35241017
35241011
35240997
35240959
35240864
35240596
35240139
35240038
35239910
35239890
35239879
35239818
35239680
35239247
35239131
35239124
35239080
35238053
35237843
35237703
35237625
35237624
35237494
35236891
35236727
35236547
35235772
35235130
35235124
35234824
35234413
35233795
35233725
35233558
35233480
35233125
35233117
35233062
35233035
35232954
35232851
35232750
35232604
35231493
35231201
35230805
35230003
35229544
35229076
35229074
35228971
35228857
35228247
35227867
35227645
35226581
35226548
35226158
35225561
35225150
35224957
35224954
35224609
35224518
35223956
35223894
35223749
35223629
35223315
35223045
35223021
35222544
35222346
35221981
35221605
35221537
35221484
35221368
35221322
35221210
35221083
35220983
35220368
35220361
35220274
35219440
35219355
35219179
35219086
35218747
35218202
35218134
35218080
35217881
35216903
35216882
35216672
35216358
35216286
35215562
35215365
35215212
35214624
35214383
35213866
35213815
35213684
35212063
35211871
35211833
35211683
35211680
35209989
35209808
35208628
35208609
35208539
35208494
35207572
35207429
35207383
35207194
35207180
35207176
35207171
35207003
35206919
35206647
35206616
35206483
35206179
35205144
35204999
35204900
35204868
35204564
35204028
35203953
35203918
35203555
35203084
35202659
35201647
35200630
35200155
35199895
35199476
35199176
35199156
35199017
35198986
35198321
35198158
35198153
35198136
35198046
35197920
35197815
35197719
35197086
35196799
35196326
35195546
35195253
35194889
35194760
35194745
35194744
35194572
35194469
35194468
35194409
35194370
35194336
35194312
35193574
35193507
35192635
35192524
35191397
35189972
35189887
35188216
35188188
35187954
35187894
35187287
35187079
35187074
35186791
35186527
35186286
35185603
35184976
35184219
35184214
35182777
35182760
35182433
35181863
35181183
35180380
35179831
35179771
35179626
35179039
35177935
35177862
35177424
35177342
35176930
35176914
35176758
35176193
35175790
35175789
35175707
35175667
35174897
35174719
35174650
35174188
35174003
35173701
35173335
35173268
35173070
35172977
35172971
35172970
35172611
35172305
35172279
35172274
35172219
35171956
35170663
35170448
35169845
35169700
35169601
35169465
35169377
35169259
35169258
35169048
35168704
35168680
35168461
35167395
35167391
35167066
35167012
35167010
35166918
35166768
35166214
35166156
35166141
35165874
35165717
35165670
35165665
35165644
35165610
35165539
35165093
35164920
35164899
35163638
35163482
35162857
35162704
35162225
35162068
35160223
35160182
35160051
35160024
35159974
35158380
35158095
35158058
35157636
35157210
35156065
35155829
35155749
35155571
35155024
35155019
35155016
35154733
35154582
35153987
35153633
35153372
35153293
35152867
35152611
35152276
35152259
35152121
35151637
35151554
35151371
35150919
35150911
35150765
35150639
35150477
35150456
35150412
35150193
35149630
35149572
35148936
35148008
35147823
35147323
35146846
35146047
35145161
35144991
35144887
35144718
35144461
35143771
35143770
35143428
35143110
35142947
35142247
35141497
35140976
35140935
35140117
35140089
35139906
35139794
35139607
35138737
35138693
35138689
35138001
35137724
35137561
35137496
35137414
35137377
35136912
35136896
35136858
35136762
35136225
35135970
35135793
35135781
35135695
35135600
35135595
35135496
35134812
35134702
35133956
35133676
35133225
35132389
35132265
35132020
35132019
35131989
35131836
35131801
35131662
35131072
35131031
35130818
35130792
35130686
35130383
35129713
35129668
35129097
