37742147
37741631
37741114
37741013
37740918
37740629
37740628
37740392
37740144
37739977
37738115
37737791
37737732
37737716
37736597
37736588
37735829
37735816
37735654
37735596
37735584
37735344
37734918
37734886
37734173
37733584
37733356
37733066
37732974
37732865
37732339
37732337
37732336
37732118
37731949
37731516
37731437
37731386
37731377
37731320
37730947
37730740
37730373
37730356
37729666
37729625
37729011
37727759
37727669
37727203
37727133
37726940
37726611
37726605
37726174
37725530
37725497
37725480
37725432
37725376
37724870
37724347
37724290
37723351
37723341
37722791
37722481
37721744
37721055
37720384
37720242
37720220
37719983
37719802
37719715
37719634
37719518
37719508
37718637
37718435
37717649
37717648
37716377
37716352
37715924
37715857
37715807
37715729
37715721
37714919
37714560
37713808
37712369
37712155
37712090
37711977
37711269
37711259
37709339
37708157
37707699
37707639
37706263
37705882
37705509
37705485
37705381
37705368
37704885
37704739
37704548
37704522
37704072
37704012
37703951
37703853
37702769
37701436
37701250
37701125
37700761
37700355
37700317
37699617
37699085
37698705
37698618
37698148
37698139
37698062
37697012
37696788
37695755
37695617
37694736
37694571
37694114
37693763
37692801
37692652
37691950
37691274
37691104
37690503
37690286
37690207
37690065
37689472
37689093
37686834
37686733
37685949
37685844
37685758
37685544
37685364
37683768
37683237
37682916
37682908
37682591
37682410
37682409
37681886
37681837
37681818
37681523
37681420
37680987
37680625
37680283
37678897
37678891
37678512
37676500
37676246
37675987
37675960
37675861
37675689
37675472
37675350
37674565
37673690
37672869
37672567
37672298
37671223
37671070
37670554
37670400
37670171
37669253
37668317
37667865
37667487
37667413
37667052
37665981
37665556
37665505
37665495
37665487
37665334
37663849
37663731
37663602
37663156
37662515
37661673
37661525
37660309
37659250
37658987
37658773
37658771
37657964
37657416
37656699
37656328
37656105
37655303
37655079
37654836
37654669
37654668
37654428
37654323
37654265
37653608
37653345
37653091
37652756
37652474
37652352
37652071
37651238
37651035
37650236
37650048
37649833
37649125
37648954
37646849
37646620
37644934
37644924
37644742
37644543
37644214
37643476
37643333
37641707
37641695
37640847
37640655
37638271
37638148
37638074
37637608
37637589
37633999
37633994
37633931
37633573
37633421
37632118
37631968
37631966
37631888
37631774
37630598
37629687
37629430
37629369
37629291
37629176
37629143
37628830
37628505
37628475
37628362
37627961
37626992
37626956
37626917
37626797
37626764
37626749
37626735
37626724
37626710
37626685
37626117
37625374
37623682
37623461
37623441
37622495
37621592
37621407
37621387
37620562
37615735
37614444
37612836
37612533
37612439
37612310
37612134
37611206
37610793
37609652
37608757
37608216
37607699
37607170
37606967
37606895
37606649
37606473
37606433
37606391
37606034
37605870
37605232
37605079
37604211
37602620
37602544
37602529
37602375
37602247
37602232
37601220
37599993
37599906
37599653
37598150
37597894
37597510
37597302
37596862
37596541
37595965
37595619
37595427
37595172
37594212
37593554
37592894
37589883
37588330
37588300
37588184
37588055
37587411
37587244
37587175
37587039
37586567
37586402
37586358
37586104
37586044
37585213
37585198
37585091
37584412
37584410
37583962
37583958
37583957
37583770
37583130
37582798
37582621
37582084
37581906
37581581
37581327
37579755
37579159
37577106
37575987
37575521
37575318
37575111
37574890
37574496
37574270
37574205
37573677
37573554
37573421
37573366
37573078
37572192
37569899
37569694
37569612
37569053
37569003
37568896
37568393
37567939
37567514
37567082
37566973
37566585
37565765
37565330
37565145
37564950
37562868
37562649
37561683
37561665
37561663
37561435
37560984
37559726
37559399
37558261
37558240
37557090
37555926
37555900
37554872
37554293
37553628
37553613
37553227
37553189
37553019
37552413
37552035
37551237
37551213
37550861
37549214
37549204
37548843
37548112
37547787
37547607
37547381
37547355
37547275
37547250
37546579
37546539
37546232
37545721
37545432
37545414
37545190
37544160
37543972
37543536
37540896
37540705
37540098
37539415
37538287
37537450
37537404
37537214
37536948
37536722
37536704
37536554
37536147
37535946
37535668
37535623
37535550
37534972
37534346
37534196
37533859
37532784
37532165
37532164
37531088
37531071
37530975
37530335
37529949
37529783
37529714
37529636
37528892
37528203
37528111
37526809
37526704
37526385
37525488
37525200
37524593
37524570
37524002
37523396
37522912
37522703
37522243
37522115
37521501
37521444
37521439
37521293
37521288
37520724
37520523
37520419
37519257
37518072
37516868
37515734
37515731
37515231
37515140
37515106
37514967
37512587
37512160
37512023
37511952
37511940
37511933
37511753
37511738
37511673
37511668
37511373
37510969
37510852
37510773
37510324
37510097
37509690
37509643
37509504
37509450
37509076
37509025
37508966
37508945
37508724
37508686
37507580
37507151
37506544
37505636
37504553
37504534
37504520
37504295
37504277
37503599
37503595
37503491
37502462
37502361
37501626
37501054
37500708
37499426
37497990
37497655
37497527
37497436
37497433
37496961
37496702
37496609
37496529
37496191
37495947
37495260
37495241
37495209
37495081
37494026
37493802
37492483
37492442
37492317
37491810
37491597
37491461
37491177
37491142
37490975
37490948
37490677
37490674
37490523
37490472
37490194
37489554
37489469
37489444
37489358
37488917
37488916
37488409
37488240
37488149
37487957
37487505
37486805
37486686
37486646
37486567
37486510
37486477
37485961
37485778
37485412
37485170
37485095
37484839
37483750
37481205
37481021
37480937
37480344
37479879
37479295
37479120
37478960
37477768
37476923
37476357
37476292
37476124
37475709
37475126
37475125
37475124
37475054
37473733
37471432
37471197
37470218
37469710
37469536
37469084
37468884
37468867
37468497
37468178
37467512
37466944
37466613
37466117
37466050
37464515
37463787
37462272
37462040
37461781
37461092
37460909
37460458
37460259
37459027
37459024
37458541
37458167
37458011
37457901
37457744
37457578
37457560
37457558
37457286
37457004
37456637
37456191
37455889
37454151
37453902
37453364
37453328
37452829
37450393
37449870
37449692
37449405
37447728
37446047
37445634
37445518
37445426
37445425
37445382
37445359
37445288
37445257
37445219
37444803
37444797
37444166
37444079
37443606
37443565
37443561
37443263
37443258
37442762
37442616
37442375
37442280
37442195
37441883
37441066
37440848
37440812
37440739
37439306
37438797
37438424
37437953
37437914
37436873
37435534
37435282
37435242
37434760
37434750
37434574
37434573
37434526
37434326
37434025
37433988
37433943
37433819
37433720
37433250
37432085
37431726
37429788
37429685
37428786
37427907
37427773
37426952
37426858
37426134
37425218
37425014
37425004
37424965
37424123
37424122
37424121
37423295
37423160
37422797
37422605
37422499
37419575
37419542
37419541
37419540
37419539
37419538
37419537
37419536
37419535
37419534
37419533
37419532
37419531
37419530
37419527
37419472
37419163
37418268
37417740
37417145
37416323
37415915
37415777
37415776
37415689
37415256
37414856
37414647
37414564
37414078
37410793
37410305
37409933
37408752
37408132
37408108
37407214
37406989
37406842
37406070
37405337
37404951
37404465
37404150
37403920
37402856
37402726
37402532
37401682
37400780
37400351
37399740
37399444
37398978
37398785
37398713
37398656
37397864
37397825
37397682
37397477
37396922
37396721
37396704
37395963
37395961
37394783
37394474
37394273
37393889
37392949
37392341
37392031
37391994
37391981
37391888
37391786
37391742
37391116
37390849
37389900
37389402
37389097
37389095
37388822
37388814
37388279
37387599
37387323
37387088
37386892
37386857
37386568
37386538
37386529
37386178
37385736
37385286
37384921
37383232
37382292
37382101
37382073
37380990
37380908
37380640
37380223
37379850
37379539
37378769
37378763
37378376
37378302
37378093
37377780
37377622
37377339
37376684
37376668
37376625
37375809
37375807
37375496
37375486
37374049
37374035
37374016
37373960
37373915
37373853
37373850
37373770
37373706
37373660
37373611
37373377
37373021
37372908
37372794
37372218
37371834
37371300
37371263
37370950
37370884
37370581
37370050
37369825
37369791
37369146
37368949
37368875
37368363
37368329
37367456
37367410
37366529
37366496
37366444
37365810
37365515
37365191
37364863
37364827
37364815
37364067
37364012
37363499
37363407
37363406
37363281
37363197
37363156
37363154
37362883
37362775
37362306
37362131
37362126
37362119
37361483
37360010
37360003
37359249
37359237
37358898
37358174
37357766
37357041
37356618
37356392
37356025
37355967
37355956
37355939
37355868
37355846
37355282
37354724
37354471
37354466
37353967
37353659
37352746
37352211
37352207
37352178
37352144
37351054
37351002
37350790
37350239
37350206
37350170
37349962
37349527
37349196
37348737
37348211
37347585
37346808
37345785
37345771
37345497
37345402
37345401
37345394
37344796
37344782
37344767
37344757
37344737
37344558
37344434
37342998
