36068887
36068582
36068170
36067987
36067701
36066294
36065887
36065410
36065322
36065234
36065103
36064600
36063810
36063364
36063355
36063198
36062970
36062361
36062113
36062008
36062000
36061937
36061474
36061383
36061166
36060487
36060385
36060195
36060171
36059827
36059441
36059353
36059320
36059208
36058345
36058144
36056655
36056375
36056372
36054369
36054105
36053670
36053359
36052505
36052466
36051716
36051597
36051247
36051161
36051125
36050690
36050424
36050390
36049601
36049379
36049050
36048910
36046330
36046290
36046289
36046159
36045733
36044993
36044623
36044102
36043493
36043434
36043214
36043176
36043156
36042524
36042189
36041958
36041287
36040993
36040969
36040960
36040336
36039884
36039714
36039203
36039177
36039098
36038958
36038169
36037742
36037326
36036863
36036410
36036407
36036350
36036326
36036199
36036090
36035616
36035510
36035380
36035237
36035093
36034559
36034557
36034552
36034550
36034176
36033987
36033885
36033820
36033791
36033253
36033242
36032234
36032175
36032119
36032086
36031313
36030797
36030795
36030555
36030115
36030064
36030055
36029882
36029696
36029623
36028767
36028606
36028604
36028498
36028412
36028239
36026599
36018446
36018403
36018274
36018121
36017215
36017200
36017172
36017003
36016385
36016378
36016376
36016311
36016309
36015078
36013436
36012469
36012383
36012085
36012054
36012033
36011997
36011823
36011732
36011649
36011562
36011559
36011458
36011246
36010630
36010566
36010557
36010377
36010290
36010203
36010190
36010188
36010176
36010141
36010050
36009498
36009268
36009185
36008879
36008721
36008614
36008436
36008144
36008115
36007131
36006472
36006296
36006249
36005898
36005472
36004777
36004663
36004306
36004011
36003924
36003890
36003367
36003210
36003084
36002997
36002874
36002482
36002399
36002211
36002109
36001566
36000949
36000667
36000469
36000333
35999863
35999860
35999838
35999804
35999605
35999107
35999061
35999019
35998959
35997389
35997145
35996829
35996735
35996593
35996191
35996190
35995711
35995059
35994869
35994816
35994720
35994448
35994441
35994282
35994177
35994135
35993657
35993433
35992730
35992250
35992025
35991466
35991464
35991339
35991225
35991002
35990983
35990753
35989844
35989734
35989722
35988778
35988361
35987943
35987791
35987681
35987198
35987197
35987099
35986716
35986692
35986449
35986269
35986236
35984816
35984763
35984738
35984451
35983856
35983394
35983269
35983264
35983089
35982589
35982454
35981646
35981342
35981125
35981059
35981036
35980407
35980383
35980017
35979616
35978974
35978720
35978523
35976769
35976766
35976551
35976326
35975854
35975504
35975339
35974973
35974886
35974260
35974081
35973957
35972679
35971872
35971870
35971615
35971552
35971509
35971463
35971425
35971155
35971066
35970652
35970046
35969913
35969597
35969003
35968657
35968565
35968477
35968401
35968263
35968154
35967529
35967156
35966844
35966751
35966512
35966226
35966209
35965957
35964067
35963600
35963198
35962520
35962348
35962207
35961885
35961348
35961329
35960527
35960522
35960039
35959989
35959948
35959906
35959897
35958855
35957785
35957778
35957651
35957593
35957578
35957564
35956247
35956234
35956094
35956037
35955979
35955740
35955045
35954922
35954630
35954219
35953614
35952496
35951647
35951255
35951203
35950731
35950722
35950630
35950320
35950073
35950005
35949365
35949299
35949116
35948654
35948653
35948403
35948382
35947595
35947293
35946910
35946904
35946703
35946661
35946582
35946414
35946302
35946226
35945973
35945929
35945634
35945375
35945062
35945024
35944886
35944525
35944370
35944172
35943723
35943577
35943531
35943211
35943071
35942688
35942646
35942559
35942423
35942235
35942206
35942184
35942159
35942076
35942002
35941921
35941881
35941617
35940857
35940589
35940388
35940303
35940086
35939945
35939608
35939544
35939442
35939273
35939252
35938771
35938708
35938291
35938281
35938280
35938200
35937970
35937957
35937924
35937258
35937088
35936979
35936623
35936572
35936558
35935782
35935705
35935086
35934046
35934007
35933996
35933347
35932955
35932573
35932220
35931658
35930974
35930942
35930488
35930487
35930486
35930485
35930484
35930483
35930390
35930181
35929818
35929475
35928757
35928381
35928243
35928128
35927967
35927941
35927242
35926987
35926861
35926858
35926570
35926426
35926004
35925904
35925863
35925799
35925075
35925074
35925073
35925072
35925071
35924994
35924838
35924544
35924485
35924236
35923904
35923734
35923692
35923672
35923233
35922744
35921123
35921084
35921070
35920837
35920454
35920010
35919910
35919216
35918980
35918719
35916926
35915884
35915688
35915515
35915417
35914834
35914783
35914765
35914265
35913778
35913432
35913083
35912863
35912749
35912735
35912021
35911826
35911743
35911550
35911510
35911414
35911401
35911387
35911326
35911323
35911311
35911237
35911221
35910827
35910259
35910083
35909366
35909118
35909049
35908724
35908721
35908659
35908383
35908177
35907947
35907878
35907815
35907120
35906952
35906710
35906662
35906362
35906093
35905553
35905215
35904783
35904700
35904641
35904631
35903268
35902858
35902374
35901934
35901492
35901463
35901323
35900960
35900847
35900447
35900380
35900243
35900223
35900016
35899855
35899245
35899101
35898449
35898334
35898321
35898302
35898144
35897786
35897696
35897448
35897400
35896445
35896411
35896292
35896202
35896188
35896170
35895740
35895564
35894935
35894756
35894511
35894362
35894310
35893881
35893858
35893413
35893247
35893119
35893072
35892542
35892410
35892064
35892008
35891696
35891693
35891640
35891466
35891384
35891354
35891149
35890017
35889971
35889880
35889124
35888766
35888634
35888568
35888154
35888019
35887810
35887754
35887714
35886656
35886593
35886491
35886306
35885746
35885444
35884823
35884745
35884657
35883936
35883915
35883527
35883526
35883258
35883010
35882451
35882424
35882253
35881153
35880220
35879984
35879616
35879217
35879184
35878737
35878546
35878436
35877031
35876935
35876498
35875995
35875883
35875815
35875319
35875023
35874958
35874953
35874696
35874528
35874177
35873791
35873400
35873350
35873161
35872925
35872677
35872628
35872293
35871994
35871259
35871090
35870662
35870428
35870365
35870344
35870131
35869878
35869693
35869353
35868722
35868675
35868674
35868673
35868672
35868671
35868667
35868478
35868440
35868344
35867893
35867593
35867103
35867061
35866369
35866202
35865867
35865834
35865769
35865450
35864692
35864203
35864108
35863996
35863847
35863767
35863101
35862378
35861926
35861880
35861720
35861678
35860936
35860935
35860934
35860933
35860930
35860929
35859555
35858899
35858846
35858460
35858254
35857999
35857635
35857629
35857581
35857317
35857313
35857271
35856379
35856065
35855943
35855680
35855554
35855388
35854792
35854691
35853751
35853662
35853576
35853464
35853037
35853019
35852702
35852546
35851732
35851219
35851003
35850990
35850558
35850405
35850125
35849516
35848380
35847821
35847679
35847457
35847408
35847215
35847205
35847136
35846801
35846757
35846492
35846486
35844774
35844769
35844768
35844730
35844548
35844461
35844354
35844322
35844318
35843984
35843852
35843735
35843590
35843340
35843129
35843095
35842844
35842684
35842493
35842022
35842003
35841515
35841455
35841032
35840817
35840623
35840584
35840463
35840366
35839441
35839175
35839020
35838974
35838578
35837680
35837086
35837071
35836945
35836940
35836624
35836621
35836448
35836090
35835017
35835004
35834104
35834042
35833897
35833859
35833748
35832590
35832589
35832113
35832112
35832109
35832108
35832106
35831914
35831582
35831558
35831351
35831257
35831125
35830922
35830386
35830059
35830050
35829854
35829760
35822286
35822272
35822203
35822131
35821795
35821571
35821512
35821452
35821226
35821079
35821001
35820689
35820609
35819340
35819339
35818704
35818661
35818400
35818393
35818362
35817774
35817493
35817439
35817427
35816945
35816778
35816681
35816638
35816340
35816320
35816258
35816225
35816057
35815764
35815299
35815081
35814791
35814194
35814187
35813874
35813767
35812304
35812220
35812108
35812102
35812094
35811696
35811074
35810665
35810586
35810238
35810128
35809945
35809666
35809108
35808102
35807916
35807384
35807173
35807167
35806907
35806901
35806331
35806214
35805677
35805671
35805406
35804273
35804239
35804207
35804201
35804058
35801743
35801588
35801366
35801302
35801262
35801074
35800548
35800499
35800257
35800084
35799625
35799414
35799167
35798818
35797498
35797144
35796878
35796131
35794941
35794549
35794340
35794276
35793922
35793885
35793753
35793242
35792594
35791863
35791687
35790396
35790316
35789882
35789790
35789736
35789579
35789541
35789499
35789344
35788920
35788744
35787539
35787254
35787147
35786805
35786522
35786166
35785885
35785882
35785594
35785338
35785029
35784999
35784994
35784959
35784783
35784200
35783991
35783877
35783658
35783627
35783553
35783339
35783095
35782424
35782298
35781635
35781535
35780756
35780679
35779200
35778936
35778905
35778273
35777877
35777859
35777361
35776557
35776165
35776071
35775823
35775801
35775277
35775163
35775008
35774734
35774700
35773859
35773475
35772782
