32933913
32933879
32932831
32932582
32932334
32930973
32930820
32930390
32929257
32928824
32927628
32926676
32926596
32925800
32925547
32925543
32924089
32924059
32923996
32923992
32923461
32922857
32921728
32921715
32921711
32921710
32920235
32919931
32918567
32918164
32917809
32917434
32916324
32915650
32915194
32914853
32914699
32912866
32912600
32912598
32912329
32912226
32911619
32910974
32909895
32908705
32907870
32907819
32905019
32904949
32901698
32901580
32901263
32900405
32900267
32898993
32898714
32898090
32897993
32897811
32897642
32896863
32895747
32895254
32895219
32894909
32894907
32894436
32891765
32891582
32890666
32889763
32888409
32888287
32887992
32886936
32885892
32885781
32885268
32885037
32884871
32884178
32883919
32883679
32883155
32882289
32882182
32880937
32880873
32880795
32880739
32880723
32880269
32880261
32880100
32880004
32879473
32878870
32876938
32876900
32876777
32876489
32876299
32876096
32875970
32875276
32874794
32874447
32873537
32873480
32873367
32872722
32871412
32871014
32870815
32870141
32869962
32869697
32869376
32869183
32868974
32867612
32867582
32867137
32866813
32866663
32866507
32865638
32864709
32864334
32864278
32864184
32863659
32863403
32861856
32861823
32861312
32859864
32859744
32859681
32858874
32858623
32854812
32853638
32853602
32853453
32853434
32853309
32852801
32852580
32852240
32852173
32850151
32849908
32849650
32848788
32848621
32848265
32847953
32847818
32847484
32846839
32845750
32844958
32844305
32843467
32842563
32841387
32840249
32840156
32839951
32839740
32839689
32839585
32839380
32839287
32839055
32838244
32838240
32838236
32838188
32838162
32838148
32837988
32837961
32837913
32837756
32837734
32837213
32837148
32837143
32837142
32836010
32835708
32835654
32835294
32835266
32835165
32835131
32835017
32834832
32834322
32834163
32833775
32833726
32830284
32828177
32826754
32826724
32826642
32824753
32823540
32823138
32823135
32823051
32821591
32820884
32819904
32819898
32818434
32818421
32817413
32817258
32816748
32816711
32816003
32815352
32815213
32814978
32813029
32812796
32812012
32811575
32811230
32810894
32809154
32807688
32806993
32805440
32803988
32803422
32802540
32799694
32799392
32798347
32798338
32798215
32796792
32795830
32795406
32794437
32793108
32791552
32791504
32791052
32790856
32790663
32790652
32790179
32788432
32788251
32787714
32787373
32786131
32784241
32784233
32784198
32782377
32782030
32781484
32780854
32780845
32779742
32778985
32778886
32777028
32776905
32776761
32773618
32772172
32770807
32770794
32770414
32769232
32768467
32768466
32767455
32767055
32766805
32766671
32765748
32764112
32764050
32763640
32763444
32763440
32763421
32763118
32761914
32761796
32760887
32760886
32760733
32759264
32759261
32759175
32758891
32758875
32758440
32758257
32757995
32757498
32757419
32757404
32757154
32756114
32755321
32755121
32754871
32754629
32754113
32753565
32753338
32753076
32753052
32751841
32747332
32743901
32741438
32740765
32739501
32738287
32737967
32737507
32737026
32736881
32736846
32736803
32735721
32735719
32735466
32735368
32735050
32734353
32733733
32733299
32732883
32732746
32732337
32731783
32731284
32731141
32730915
32730619
32730238
32730233
32730226
32729939
32729633
32729001
32728799
32728654
32727145
32726150
32725955
32725597
32725545
32725449
32725422
32725271
32723800
32723665
32723577
32723108
32721809
32721795
32720775
32720698
32720223
32719884
32719806
32719688
32719447
32718718
32718292
32717229
32717055
32715280
32713710
32713251
32713131
32712640
32712242
32712145
32711716
32710693
32710672
32710613
32710612
32710297
32709734
32708525
32707218
32706422
32706410
32706395
32705860
32705809
32705368
32703822
32702413
32702095
32702087
32701913
32701763
32701511
32700288
32700223
32698732
32698095
32697344
32696735
32696462
32696341
32695320
32694793
32694044
32692945
32691236
32690219
32687917
32687562
32686219
32686042
32685883
32685261
32683890
32683753
32683608
32683438
32683337
32683336
32682192
32681865
32681141
32679766
32678521
32677875
32677329
32676935
32676766
32675759
32675706
32675661
32673668
32673505
32672843
32672801
32672787
32672786
32672029
32671407
32670517
32669623
32669159
32668062
32667150
32667047
32665940
32665317
32665075
32662899
32662869
32662745
32662058
32661947
32661794
32660520
32660334
32659373
32659211
32656713
32656050
32655490
32655489
32654966
32654210
32653906
32653054
32652520
32651900
32651579
32651164
32650948
32648973
32647526
32646886
32645876
32645295
32644223
32644129
32643664
32643649
32641309
32640723
32640066
32639461
32638151
32637987
32636212
32634818
32634475
32633633
32631771
32631736
32630212
32628969
32625165
32623310
32622823
32622376
32622375
32622086
32621901
32621172
32619798
32619697
32618839
32618551
32617990
32617120
32616168
32615155
32614765
32614442
32614399
32611651
32611552
32610334
32610004
32609464
32609336
32609073
32608380
32601756
32601577
32601020
32600496
32599178
32598831
32598830
32598829
32596170
32596131
32592702
32592496
32592396
32590578
32590125
32590055
32589264
32588185
32586960
32586958
32586883
32586841
32586703
32585239
32584487
32584199
32584166
32584106
32583378
32583169
32583150
32582749
32581854
32580256
32579420
32579306
32579014
32576749
32575380
32574940
32574567
32574266
32574248
32574246
32574241
32573293
32571951
32571869
32571796
32571770
32568434
32568187
32563547
32563234
32562912
32562629
32561222
32560913
32558922
32558518
32557635
32557469
32557254
32556089
32554533
32554337
32553873
32553861
32553716
32553008
32551971
32551862
32550783
32549526
32548209
32546853
32545925
32544435
32544059
32543300
32542755
32542703
32541352
32540883
32540255
32539312
32539153
32539010
32538857
32537248
32535977
32535934
32535752
32535093
32534982
32534801
32533768
32533585
32533501
32533346
32533322
32533321
32532937
32532661
32532531
32530389
32529595
32529575
32529358
32528783
32528770
32528149
32527868
32527141
32526802
32525700
32524957
32524707
32523924
32522767
32522523
32519786
32518172
32518105
32518103
32516656
32516421
32515676
32515393
32514428
32512702
32512530
32512021
32511692
32511676
32511667
32508078
32508068
32508037
32507608
32506549
32506364
32506145
32505742
32505431
32504458
32503088
32503084
32501323
32500647
32500326
32499548
32498691
32497292
32496707
32495323
32494853
32494576
32493739
32493734
32493704
32493597
32492695
32492212
32492193
32490966
32490846
32489935
32489743
32488837
32488505
32488191
32486196
32485314
32485289
32484130
32483687
32482781
32482250
32480073
32479921
32478936
32476380
32475821
32475003
32474988
32474800
32474479
32474399
32474093
32473229
32473112
32471782
32471002
32470416
32470131
32469504
32469387
32468632
32467494
32467492
32467454
32467452
32467368
32467190
32466862
32466834
32464367
32464327
32464112
32463092
32462316
32458400
32458356
32458195
32458193
32458192
32457005
32456973
32455505
32455089
32453100
32451846
32449791
32449789
32449782
32449528
32448391
32447746
32447630
32446945
32445789
32445728
32445201
32442308
32441751
32439816
32437830
32437679
32437114
32437022
32437004
32436101
32434314
32430621
32428909
32427134
32426749
32424906
32424616
32424503
32423970
32422545
32422529
32422426
32422178
32422177
32419564
32418947
32418055
32417379
32417124
32416028
32414522
32412679
32412308
32412088
32411496
32408926
32408729
32407464
32407056
32406226
32405131
32404798
32403983
32402534
32401374
32398625
32398306
32398294
32395872
32387246
32386459
32383776
32379637
32379592
32378132
32377594
32376670
32375085
32374906
32371624
32370951
32369030
32364491
32364123
32364119
32363205
32362868
32361195
32361161
32360909
32360440
32360126
32359765
32359227
32353545
32353523
32353521
32350542
32350026
32346843
32346659
32345602
32343415
32343366
32343363
32340720
32333487
32333166
32330293
32329589
32329044
32327581
32327217
32316718
32316066
32315800
32312628
32312365
32311498
32311495
32306036
32298803
32294814
32293817
32286675
32286674
32285431
32282359
32280993
32276848
32275291
32271490
32270559
32243596
32240762
32225137
32186331
32174095
