34230908
34230886
34230579
34230225
34230086
34229735
34229469
34229045
34228746
34228600
34228583
34228053
34227768
34227711
34227079
34226897
34226639
34226597
34225513
34224870
34224783
34224766
34224394
34224291
34224254
34224248
34223884
34223524
34222864
34222140
34221878
34221480
34220204
34220192
34220054
34219862
34219856
34219492
34219413
34219243
34219155
34218857
34217880
34217472
34216296
34215999
34215811
34215803
34215639
34215626
34215435
34214763
34213312
34212231
34211809
34211656
34211370
34211223
34210791
34210789
34210761
34210694
34210624
34209719
34209705
34209586
34209289
34209269
34209085
34209010
34208271
34208141
34208057
34207876
34207266
34205928
34205086
34204878
34204362
34204243
34204032
34203277
34203143
34203115
34201831
34201591
34201087
34200791
34200325
34200249
34199734
34198108
34198106
34197021
34196196
34195973
34195193
34195147
34195143
34194854
34193506
34193364
34193260
34193197
34192610
34192525
34192506
34192429
34192291
34192289
34192271
34192188
34192185
34191943
34191922
34191907
34191903
34191901
34191699
34191697
34191693
34191268
34191258
34190914
34190851
34190345
34189901
34189493
34188997
34188996
34188995
34188965
34188476
34187796
34186367
34186311
34185758
34184490
34184438
34184433
34184177
34184164
34183705
34183316
34183280
34182168
34182162
34181102
34181023
34180975
34180638
34179989
34179834
34179694
34179387
34179037
34178896
34178893
34178891
34178882
34178609
34178377
34178339
34178315
34177923
34177656
34177593
34176996
34176973
34176791
34176695
34176314
34176095
34175976
34175864
34175230
34174086
34174006
34173667
34173555
34173554
34173049
34172475
34172387
34172316
34171458
34171275
34171139
34170653
34170552
34170549
34170445
34170086
34169404
34168002
34167876
34167431
34166081
34165644
34165581
34165431
34165148
34164586
34164190
34163427
34163377
34163217
34163113
34163090
34162913
34162747
34162532
34161626
34161475
34161223
34160836
34160722
34160366
34160029
34159397
34159291
34159155
34158815
34158111
34157253
34157187
34157167
34156929
34156697
34156654
34156034
34155633
34155186
34155047
34155024
34154988
34154837
34154708
34153974
34153235
34153080
34152690
34152618
34152573
34151741
34151246
34151048
34151034
34150685
34150489
34150334
34149397
34149394
34148855
34148697
34148674
34148546
34148461
34148294
34148049
34147912
34147175
34147173
34147172
34146452
34146226
34146077
34146068
34146056
34146000
34145211
34145203
34143756
34143754
34143534
34143277
34142589
34142116
34142114
34141763
34140949
34140706
34140704
34140635
34140539
34140331
34140220
34140166
34139048
34138871
34138828
34138696
34138387
34136999
34136915
34136764
34136586
34136351
34136292
34136250
34135479
34135309
34134915
34134808
34134526
34133854
34133798
34133609
34133486
34133481
34133374
34133066
34132992
34132052
34132013
34131957
34131925
34131632
34131597
34131509
34131481
34131092
34130744
34129734
34129731
34129674
34129096
34128896
34128623
34128580
34128074
34127943
34127917
34127896
34127883
34127837
34127622
34127505
34127397
34127310
34126613
34126235
34126084
34125067
34124875
34124775
34124694
34124324
34124207
34123970
34123943
34123933
34123447
34123379
34122351
34121829
34120861
34120860
34120800
34119855
34119844
34119673
34119431
34118400
34118307
34118187
34118186
34117968
34117887
34117861
34117677
34117474
34117201
34117195
34117144
34116467
34115917
34115913
34115903
34115901
34115563
34115558
34115532
34115386
34114540
34113774
34113773
34112199
34112195
34111831
34111579
34111164
34111131
34111030
34110466
34110391
34110078
34109765
34109762
34109598
34109458
34109406
34109389
34109275
34109256
34109076
34108700
34108465
34108016
34107601
34107202
34106885
34106540
34106503
34106438
34106169
34106098
34105843
34105717
34105716
34104908
34104859
34104285
34104245
34104031
34103443
34103378
34103203
34103194
34103044
34102924
34102107
34102037
34101656
34101085
34100564
34100519
34100340
34100279
34100231
34099406
34099197
34099015
34098792
34097919
34097753
34097726
34097663
34097193
34097088
34097083
34096390
34096193
34096013
34095795
34095336
34095290
34094769
34094767
34094637
34093389
34093286
34093279
34092967
34092779
34092646
34091869
34091469
34091456
34091347
34090983
34090980
34090979
34090845
34090272
34090021
34089518
34089457
34089104
34089099
34089096
34088793
34088221
34087834
34087330
34087216
34087089
34086416
34086225
34086208
34086142
34084763
34084492
34083386
34083350
34082849
34082792
34082475
34082440
34082192
34082189
34082008
34081817
34081334
34080714
34080435
34080210
34080170
34080125
34079649
34079511
34079389
34078749
34078673
34078305
34078004
34076713
34076561
34076457
34076453
34076176
34075351
34075334
34075014
34074244
34073504
34073342
34072951
34072772
34072557
34072390
34071308
34071264
34071007
34070115
34068958
34068867
34068009
34067965
34067776
34066352
34066174
34066007
34064763
34063824
34063781
34063463
34063291
34062770
34062530
34062186
34062184
34061786
34060929
34060731
34060710
34060708
34060675
34060280
34060217
34060194
34059358
34059237
34059034
34059010
34057701
34057620
34056576
34055940
34055939
34055936
34055851
34055711
34055700
34055688
34055592
34055531
34054975
34054195
34054192
34052944
34052917
34052825
34052147
34051888
34051516
34050501
34049895
34049750
34049584
34049309
34049308
34048368
34047879
34046131
34046127
34046108
34045738
34045207
34044609
34044430
34044408
34044140
34043958
34043944
34043803
34043385
34043219
34042956
34042947
34042167
34041854
34041295
34040615
34040094
34039689
34039662
34039622
34039554
34038652
34038563
34037731
34037369
34037351
34036855
34036642
34036543
34036253
34036244
34035963
34035919
34035853
34035676
34035552
34035524
34035116
34035105
34034858
34034587
34033995
34033575
34033370
34033181
34032635
34032519
34032513
34032292
34031875
34031091
34030861
34029484
34029432
34028807
34028528
34028140
34028045
34027906
34027514
34027512
34027497
34027301
34026781
34026775
34026593
34026490
34026050
34025853
34025675
34025062
34024354
34024217
34023795
34022619
34022502
34022336
34021816
34021438
34021116
34021058
34020890
34020746
34020644
34020223
34020126
34019842
34019707
34019446
34019443
34019347
34019232
34019009
34017846
34016942
34016834
34016818
34016729
34016708
34016654
34015983
34015528
34013488
34013222
34013161
34013047
34011649
34011496
34011495
34011492
34011359
34011025
34010740
34010256
34009992
34009707
34009454
34009354
34009351
34008009
34007978
34007667
34007346
34007286
34006982
34006526
34004156
34003765
34003371
34003294
34003184
34002923
34002634
34002620
34002619
34002281
34002238
34002039
34001863
34001839
34001792
34001295
34001277
34000678
34000461
33999887
33999400
33998683
33998655
33998551
33997586
33996867
33996435
33996162
33995781
33995248
33994633
33994586
33994409
33993490
33993321
33993018
33992951
33992686
33992187
33992168
33992143
33992142
33992141
33990971
33990965
33990122
33989761
33988464
33988162
33988157
33987793
33987731
33987699
33987484
33987131
33987127
33987125
33987042
33986966
33986786
33986692
33985343
33984399
33984264
33984263
33984103
33984099
33984095
33984083
33984076
33983522
33983506
33983098
33983062
33983005
33982059
33981434
33980782
33980567
33980565
33980250
33979033
33978818
33978479
33977897
33977890
33977626
33976591
33975987
33975846
33975844
33975819
33974811
33974616
33973880
33973188
33972497
33972046
33971585
33970864
33970839
33970787
33969768
33969672
33969513
33967575
33967552
33967302
33967243
33967204
33966358
33966266
33966265
33965987
33965645
33965353
33965276
33965081
33965065
33965003
33964872
33964817
33964290
33964246
33964245
33964153
33964007
33963433
33963170
33962805
33962695
33961798
33961728
33961259
33961108
33959278
33958544
33958429
33958231
33957805
33957689
33957540
33957379
33957250
33957161
33956250
33955167
33954066
33953960
33953912
33953633
33953481
33952318
33951196
33951153
33950236
33950195
33949910
33949635
33949300
33949163
33948553
33948421
33948399
33942789
33942774
33942709
33942372
33942071
33942052
33942028
33941741
33941622
33941601
33941600
33941272
33940162
33940097
33939462
33938473
33937632
33937572
33937566
33937533
33936950
33935820
33935220
33934948
33934560
33934300
33934126
33932604
33932361
33932157
33932073
33931830
33930983
33930693
33930011
33929617
33929309
33929087
33928912
33927956
33927679
33927148
33927016
33926969
33926872
33926589
33926392
33926161
33925784
33925779
33923972
33923537
33921718
33921603
33921458
33921429
33920904
33920755
33920035
33919537
33919536
33918887
33918426
33917837
33915568
33915561
33915560
33915513
33915337
33914762
33914727
33914346
33914141
33913893
33913891
33913889
33913877
33913876
33912905
33912309
33912299
33912129
33911464
33911453
33911452
33911322
33911230
33910640
33910589
33909284
33909072
33908722
33908721
33908719
33908718
33908716
33908113
33907887
33907681
33907665
33907556
33907520
33906918
33906877
33906867
33906448
33906227
33906216
33905406
33905283
33905089
33904952
