35128461
35128398
35128374
35128063
35127274
35127156
35126576
35126184
35125806
35125773
35125594
35125387
35125340
35124885
35124546
35124533
35124265
35123806
35123573
35121715
35121694
35121209
35120866
35119459
35119395
35118946
35118829
35118699
35118594
35116027
35115239
35114994
35114576
35114535
35114450
35114136
35114008
35113939
35113831
35113624
35113409
35113159
35112786
35112671
35111870
35111031
35110862
35110709
35110499
35110194
35108571
35108477
35108257
35107300
35106678
35106599
35106317
35106216
35106065
35105985
35105983
35105680
35105498
35104817
35103824
35103573
35103255
35103207
35103119
35103103
35102495
35102125
35101582
35101537
35101536
35101385
35100746
35100745
35100246
35099891
35099459
35098930
35098861
35098179
35098173
35098018
35097235
35097185
35096923
35096906
35096849
35096527
35096282
35095880
35095546
35095174
35095170
35094238
35094081
35093995
35093190
35091474
35091425
35091414
35091402
35091302
35090056
35090015
35088680
35088048
35087399
35087250
35087017
35087012
35086863
35086782
35086489
35086264
35086262
35086254
35086054
35085824
35085821
35085383
35084966
35084605
35083948
35083749
35083666
35082777
35082701
35082700
35082169
35081803
35081397
35081061
35081000
35080819
35080475
35080303
35080250
35079866
35079817
35079804
35079175
35079170
35079048
35078982
35078845
35078233
35077946
35077770
35077615
35077449
35077442
35077003
35076589
35076531
35076400
35076368
35075531
35075437
35075072
35074661
35074630
35074145
35073706
35073627
35073472
35072929
35072727
35072716
35072548
35072534
35071984
35071564
35071343
35071144
35069997
35069961
35069924
35069575
35069217
35068656
35068357
35068120
35067364
35066497
35066054
35065920
35065779
35065716
35065619
35064812
35064751
35064346
35064008
35063702
35063358
35063236
35063190
35063172
35062742
35062706
35062662
35062284
35062027
35061232
35060549
35060448
35060361
35059902
35059791
35059730
35059331
35059196
35059076
35059058
35058820
35058383
35058382
35058281
35058230
35058054
35057809
35057605
35057587
35057586
35057464
35056603
35056592
35056336
35056324
35056100
35055804
35055495
35055360
35055344
35055050
35054906
35054500
35054224
35054108
35053817
35053804
35053059
35053020
35052727
35052628
35051738
35051664
35050932
35050660
35049274
35049034
35048715
35047561
35047158
35046709
35044993
35044135
35044028
35043684
35043641
35043593
35043334
35043333
35043332
35043305
35043145
35043098
35042351
35042222
35041323
35041128
35039808
35039796
35039707
35039685
35039657
35039315
35039221
35039181
35039178
35039086
35038898
35038630
35038258
35038230
35036973
35036903
35036848
35036348
35036264
35036079
35036011
35035546
35034856
35034671
35034549
35034236
35032963
35032430
35032409
35032337
35032030
35031848
35031708
35031214
35031121
35030418
35030378
35030246
35029046
35028901
35028779
35028501
35028280
35028225
35027902
35027728
35027428
35027067
35026779
35026778
35025852
35025851
35025181
35025068
35024942
35024101
35023984
35023975
35023838
35023610
35023454
35023362
35023003
35022935
35022504
35022358
35022351
35021924
35020945
35020704
35020111
35019953
35019862
35019775
35018338
35018337
35018281
35018092
35017871
35017870
35017769
35017767
35017239
35017102
35016849
35016827
35015754
35014889
35014706
35014610
35014600
35014543
35014183
35014002
35013811
35013694
35011967
35011909
35011632
35010786
35008594
35007779
35007621
35006516
35004872
35004742
35004555
35004126
35003938
35003784
35002519
35002154
35002066
35001988
35001607
35001367
35001305
35000793
35000765
35000722
35000650
35000539
35000350
35000003
34999762
34999755
34999708
34999470
34998684
34998585
34998005
34997961
34997952
34997689
34997542
34996973
34996849
34996702
34996119
34995938
34995840
34995511
34995164
34994790
34994350
34994082
34993767
34993558
34993395
34993394
34993037
34992752
34992725
34992723
34991967
34991703
34991644
34991632
34991378
34991100
34990520
34989807
34989788
34988815
34988717
34988039
34987144
34986935
34986922
34986754
34986479
34986395
34986238
34984765
34984501
34984342
34984236
34984056
34982518
34982460
34982402
34982129
34982039
34981710
34981505
34980470
34979899
34979814
34979299
34979029
34979027
34978852
34978737
34978530
34978377
34977909
34977511
34976917
34976891
34976537
34976453
34976395
34976149
34975659
34975571
34975140
34974479
34974328
34973891
34973396
34972801
34972793
34971857
34971385
34970914
34970411
34969944
34969397
34969393
34968807
34968741
34968570
34968019
34967958
34966613
34966408
34966216
34966022
34965929
34965928
34965855
34965691
34965004
34964184
34963403
34962592
34962444
34961926
34961400
34960661
34958136
34957743
34957496
34957361
34957360
34956798
34955903
34955631
34955578
34954013
34953913
34952975
34951953
34951387
34951374
34950747
34950713
34950621
34950397
34950392
34950243
34949248
34949230
34948983
34948858
34948798
34946430
34946256
34946054
34945213
34945196
34945095
34945063
34944747
34944606
34944281
34944099
34943875
34942956
34942912
34942461
34941014
34940980
34940941
34940903
34940844
34940507
34939661
34939506
34938638
34937665
34937270
34937266
34937263
34936536
34935988
34935514
34935324
34933829
34933532
34933014
34932870
34932718
34932496
34931918
34931698
34931670
34931251
34931163
34931145
34931107
34930658
34930468
34930161
34930107
34928919
34928916
34928354
34928107
34927603
34927163
34926521
34926504
34925841
34925832
34925826
34925187
34925028
34924750
34924675
34924406
34924084
34924080
34923205
34922867
34922826
34922751
34922734
34922160
34922127
34921808
34921807
34921806
34921559
34921381
34921308
34921017
34919309
34919259
34919070
34919045
34918990
34918437
34918425
34918211
34918020
34917659
34917633
34917630
34917629
34916752
34916450
34916443
34916147
34916057
34915942
34915906
34915771
34915155
34914824
34913880
34913540
34913418
34913226
34913044
34912863
34912751
34912599
34912345
34912192
34911696
34911690
34911078
34910197
34909977
34909870
34909467
34909439
34909433
34909198
34908866
34908790
34908663
34908571
34906986
34906823
34906663
34906662
34905407
34904953
34904153
34903545
34903448
34903408
34903290
34902448
34902297
34902226
34902224
34901831
34901798
34901064
34901061
34900473
34900402
34900357
34900061
34899999
34898978
34898786
34898486
34897747
34897638
34897635
34896622
34896358
34895763
34895738
34895368
34894817
34894521
34894422
34894016
34893782
34893773
34893640
34893488
34890962
34890036
34889874
34889873
34889850
34889647
34889531
34889528
34889154
34888989
34888927
34888318
34888006
34887641
34887325
34887318
34887178
34886921
34884756
34884325
34884296
34884276
34884216
34884172
34882720
34882130
34881540
34881263
34881119
34880708
34880476
34880080
34880039
34879817
34879296
34879074
34878057
34877576
34877261
34876830
34876801
34876772
34876594
34876129
34876052
34875139
34875129
34874962
34874821
34874785
34874668
34874654
34874605
34874199
34873286
34872966
34872673
34872499
34872479
34872154
34871947
34871216
34871111
34870921
34870908
34870635
34870392
34870334
34870261
34870247
34870154
34870128
34869916
34869488
34869451
34868880
34868871
34868787
34868745
34868622
34868588
34868021
34867943
34867791
34866686
34866276
34866097
34866030
34865857
34864371
34863942
34863701
34863398
34863322
34862882
34862317
34862223
34862182
34861746
34861604
34861346
34860732
34860328
34859714
34858909
34858866
34858736
34858515
34858373
34858232
34858230
34857587
34857243
34857177
34857010
34856780
34855874
34855158
34854782
34853897
34853850
34853527
34853380
34852146
34852145
34851597
34851455
34850910
34850782
34850532
34850268
34850227
34850210
34849652
34849227
34848886
34848676
34848552
34848509
34848503
34848398
34848374
34846719
34846312
34845989
34845890
34845774
34845562
34845469
34844465
34844395
34844177
34843955
34843710
34843598
34843065
34842488
34842325
34842283
34841981
34841707
34841234
34841099
34840781
34840682
34840488
34840383
34840313
34840232
34840148
34839808
34839684
34839289
34839263
34838708
34838682
34838588
34838369
34838058
34837225
34837081
34836924
34836878
34836647
34836219
34835384
34835130
34835088
34835045
34835030
34834958
34834455
34834033
34833377
34833135
34833000
34832564
34831623
34830876
34830872
34830716
34830580
34830554
34830550
34830507
34830303
34829958
34829769
34829406
34829397
34829210
34828592
34827455
34827246
34827194
34827060
34827041
34827023
34827021
34826844
34826672
34826619
34825771
34824858
34824074
34824040
34822379
34822185
34821975
34821709
34821594
34820848
34820787
34820746
34820152
34820130
34819718
34819387
34819216
34819019
34818767
34818473
34818161
34817811
34817268
34816972
34816319
34816207
34815973
34815594
34815580
34815399
34815229
34814196
34813820
34813690
34813382
34812758
34812433
34811854
34811716
34811596
34811549
34811387
34810378
34810106
34810059
34809994
34809664
34809418
34808607
34807486
34806789
34806151
34805735
34805497
34805418
34804904
34804523
34804387
34804382
34803804
34803564
34803561
34803536
34803350
34803180
34803106
