33484452
33483864
33483331
33483200
33481096
33480608
33479801
33479724
33479113
33479105
33479096
33479086
33479069
33478527
33477146
33476901
33476761
33476759
33476491
33474816
33474768
33472019
33471172
33470830
33469560
33469522
33468452
33468445
33465325
33464757
33464535
33464010
33463366
33463127
33462906
33462776
33462068
33462033
33461632
33461387
33460566
33460014
33459550
33459404
33458987
33458972
33458751
33458584
33458562
33458558
33457378
33454281
33453291
33453228
33453162
33453010
33452824
33452633
33452570
33452195
33450570
33450302
33449336
33448756
33448739
33446986
33446625
33446327
33445833
33444904
33444589
33444540
33443703
33443616
33443283
33442016
33441073
33439437
33439384
33438076
33437929
33437548
33437291
33436263
33434886
33434590
33434372
33434112
33433671
33433501
33433263
33433162
33432745
33432396
33432304
33432301
33432203
33431578
33431479
33430881
33429476
33429174
33428868
33428867
33428826
33428706
33428055
33427637
33427404
33425958
33425823
33425682
33425537
33425365
33425183
33424598
33423707
33423106
33422806
33421734
33421278
33421032
33420769
33419891
33419864
33418585
33418020
33417221
33417084
33416946
33416622
33415647
33414753
33414238
33413976
33413026
33410259
33409824
33409480
33409133
33409010
33407957
33407804
33406394
33405338
33405302
33404981
33404385
33404079
33403997
33403772
33403611
33403488
33403422
33403225
33403218
33403180
33401749
33401287
33401171
33401106
33400372
33399747
33399746
33399741
33399270
33398216
33397843
33397764
33395729
33395101
33395048
33394906
33394709
33394320
33394120
33393696
33393420
33393278
33392865
33391935
33391924
33391730
33391390
33390865
33390803
33390786
33390561
33390260
33389696
33388837
33387940
33387457
33387094
33385774
33385250
33385238
33384516
33384501
33384403
33383393
33382973
33382211
33381057
33380509
33380345
33380117
33377890
33376990
33376953
33375675
33375371
33373650
33372818
33372575
33370368
33368699
33365394
33364402
33363165
33362930
33361715
33361141
33361097
33360025
33359928
33359380
33359065
33358846
33357467
33355971
33355522
33353793
33352638
33352320
33352286
33351958
33351775
33351168
33351054
33349611
33347790
33347532
33346988
33346454
33344389
33343741
33343561
33343486
33342437
33341878
33341598
33341416
33341350
33340640
33340468
33340412
33340292
33340203
33338976
33338825
33338439
33338007
33334776
33334341
33334331
33333471
33333470
33333463
33333460
33332890
33332756
33332737
33332624
33332525
33332386
33332151
33332052
33332036
33331988
33331933
33331820
33331730
33331718
33331715
33331469
33331400
33330571
33330543
33330539
33330316
33330276
33329934
33329586
33329145
33328588
33328406
33328135
33327641
33327384
33326353
33325495
33324324
33323916
33323782
33323343
33322316
33321326
33321030
33320511
33320115
33318288
33317745
33317694
33317260
33317214
33316414
33316400
33316266
33316056
33315163
33315057
33314018
33312856
33310765
33309093
33308662
33308453
33307905
33306721
33306438
33305919
33305559
33305555
33305475
33304309
33304286
33304284
33304243
33303540
33303539
33303102
33302142
33301883
33299899
33299631
33298763
33298761
33298501
33298079
33296828
33296818
33296149
33295957
33295637
33295562
33295021
33293395
33293311
33292333
33291619
33290544
33289374
33289371
33289127
33288947
33288939
33287245
33285362
33285106
33284676
33284353
33283237
33283160
33283157
33282599
33282582
33282075
33281589
33281325
33280941
33279355
33278758
33278321
33278275
33278120
33278107
33277976
33277494
33277353
33275404
33275271
33275270
33275033
33274259
33274223
33274129
33273261
33273028
33273026
33273023
33272954
33272357
33271682
33269344
33268588
33268418
33268328
33268001
33267645
33264840
33264790
33264669
33264532
33262966
33262898
33262076
33261541
33258748
33257910
33257409
33255569
33255233
33254568
33254539
33254519
33254254
33252688
33252665
33252362
33251482
33251031
33250751
33250631
33249696
33249615
33249605
33249175
33249111
33248470
33248208
33248163
33248161
33248158
33247736
33247653
33247640
33246479
33246133
33246132
33244974
33244885
33244712
33243942
33243921
33243911
33243837
33243731
33243309
33242368
33242280
33242097
33241508
33240687
33238745
33238410
33236920
33236647
33236284
33236280
33236267
33235643
33234164
33231782
33230486
33229976
33228253
33228225
33227857
33227514
33226861
33226565
33226117
33225579
33225111
33224088
33223662
33223496
33222680
33221936
33220447
33220049
33219837
33219200
33219111
33219042
33219008
33217570
33217366
33217259
33216224
33216154
33215583
33214969
33214962
33214943
33214412
33214392
33214356
33214075
33212316
33211859
33211439
33211433
33211431
33211242
33211116
33211102
33211079
33210417
33210085
33207021
33206767
33206128
33206119
33205718
33205450
33205390
33204376
33202960
33202218
33200104
33200094
33200033
33199344
33199035
33198962
33198412
33197493
33197261
33196399
33196004
33195323
33194461
33194223
33194121
33194085
33193965
33193009
33192483
33190687
33190685
33190655
33190397
33190340
33190028
33188436
33188277
33187638
33187633
33186710
33185316
33184424
33183365
33183020
33181855
33181794
33181783
33181098
33180982
33180935
33180932
33180754
33180050
33178718
33178449
33178109
33177481
33177251
33176530
33175403
33175159
33175108
33173859
33173222
33172844
33172247
33169560
33169214
33168957
33168542
33167916
33167766
33166287
33166178
33165674
33165281
33163979
33163360
33162899
33162259
33161746
33160700
33160625
33160427
33159907
33159704
33159640
33159201
33158975
33158784
33158605
33158456
33156486
33155615
33154646
33154590
33153991
33153536
33152991
33152254
33152165
33151272
33150723
33148809
33148122
33148089
33147504
33147014
33146670
33146665
33146036
33146034
33145624
33145128
33144403
33143815
33142844
33141191
33140593
33139949
33139689
33139595
33139091
33137315
33135911
33135582
33135278
33134844
33133836
33133104
33132066
33132007
33131972
33131781
33126869
33125771
33124029
33123760
33123675
33123171
33123081
33122264
33122242
33120941
33120696
33120193
33119712
33119481
33119418
33118719
33117851
33116043
33115334
33113470
33113469
33112937
33112694
33112651
33112450
33112394
33112368
33112187
33111811
33111202
33111132
33110725
33109908
33109794
33109350
33108833
33108354
33107316
33107132
33107012
33106890
33106783
33106782
33105809
33105634
33105230
33104177
33104154
33103966
33102669
33099361
33099040
33098794
33098793
33095516
33095493
33095459
33095432
33095394
33094214
33093376
33093141
33092737
33092731
33090303
33089820
33089707
33089477
33089317
33087252
33085855
33085854
33085853
33085852
33084566
33083782
33083695
33083367
33081863
33081458
33081456
33080459
33079162
33078495
33078408
33078283
33078141
33078125
33077488
33077243
33077167
33075608
33075533
33075409
33075008
33074884
33074266
33074036
33073307
33072773
33070912
33070907
33070902
33070890
33070775
33070603
33070586
33070003
33069853
33069615
33069309
33069307
33069200
33068723
33066459
33065115
33064816
33064796
33064267
33063036
33062362
33060700
33060516
33060058
33058777
33058770
33057783
33055076
33054432
33053579
33053508
33053047
33052920
33052822
33052198
33051638
33051390
33051388
33051251
33051236
33051223
33051183
33050737
33049753
33049415
33049394
33047626
33047223
33045427
33045354
33044748
33043252
33043249
33042918
33042547
33042116
33041989
33041985
33041712
33041119
33041095
33040414
33040378
33039660
33039462
33038618
33037400
33036934
33036862
33035589
33035469
33034893
33034002
33033827
33031948
33031752
33031513
33031361
33030333
33029005
33027418
33027185
33025674
33025514
33023445
33023287
33021596
33020749
33020342
33016678
33015814
33015722
33015552
33015550
33013930
33013675
33013637
33012717
33011955
33011038
33010855
33010854
33009361
33009081
33008936
33008679
33008624
33008453
33007368
33006723
33006717
33006644
33006608
33006087
33005461
33003377
33003177
33003176
33003103
33003102
33002914
33002209
33001444
33000932
33000300
32999229
32998879
32998763
32998512
32998036
32997749
32995833
32995555
32994918
32994260
32993540
32992435
32991870
32991843
32991323
32991035
32990925
32990448
32989525
32989130
32988176
32987060
32986683
32984657
32984564
32984561
32984206
32984017
32983831
32983347
32982916
32981492
32981485
32981072
32981005
32979666
32979574
32979386
32978729
32978728
32978236
32978178
32977228
32975809
32975439
32975066
32974596
32973919
32973590
32973121
32971105
32971100
32970861
32970048
32970023
32969960
32968643
32968308
32966765
32965785
32965656
32965460
32963819
32962943
32962780
32962760
32960504
32960186
32959752
32959360
32959075
32959052
32958508
32957826
32957131
32956895
32956615
32955690
32954580
32954242
32954046
32953841
32953455
32952820
32952812
32952187
32952180
32951859
32951037
32950734
32949574
32949534
32948995
32948681
32948221
32947601
32946801
32946292
32946270
32945863
32944946
32943198
32942036
32941261
32940572
32940446
32940201
32939955
32939911
32938731
32937949
32936318
32935958
32935928
32935910
32935873
32935156
32935083
32933949
32933925
