37342848
37342500
37342446
37342246
37342077
37341299
37340400
37339661
37338892
37338665
37338234
37337984
37337806
37337723
37337588
37337583
37337553
37337509
37337273
37336921
37336825
37336480
37335611
37334978
37334922
37334432
37333906
37333699
37333698
37333646
37333619
37331739
37331738
37330522
37330479
37328773
37328761
37328666
37328292
37328135
37327881
37327802
37327698
37326700
37326084
37325342
37324784
37324463
37323930
37323742
37323367
37323003
37322706
37322686
37322633
37322387
37321581
37321349
37321233
37320945
37319147
37318955
37317282
37316880
37316618
37316403
37316277
37315513
37315430
37315370
37315323
37314982
37314151
37314132
37313412
37312470
37312131
37311808
37311595
37310901
37310140
37310006
37309831
37309405
37308534
37307756
37307567
37307556
37307549
37307548
37307543
37307214
37306578
37306533
37305745
37305608
37304799
37304792
37303911
37303754
37303262
37302434
37302406
37302405
37301958
37301934
37301873
37300737
37298527
37297906
37297898
37297812
37297806
37297800
37297733
37296705
37296140
37296110
37295808
37295581
37294977
37294548
37293829
37293441
37293307
37292432
37292374
37292371
37292228
37292222
37292131
37291854
37291679
37291610
37291581
37290779
37290536
37288661
37288652
37287969
37287963
37287942
37287866
37287442
37286535
37286472
37286327
37284921
37284807
37284157
37283936
37283920
37283402
37283183
37283176
37282564
37282346
37280530
37280076
37278994
37277879
37277786
37277617
37277605
37277327
37276715
37275716
37275532
37275224
37274824
37274814
37274795
37273866
37273716
37273701
37273689
37273670
37273668
37273405
37273320
37272721
37272563
37272533
37272468
37272336
37271130
37271020
37270719
37270514
37270195
37269174
37268779
37268716
37267521
37267401
37267379
37267198
37267081
37266609
37266346
37266140
37265890
37265584
37265376
37265172
37264854
37264687
37263366
37261995
37261993
37261823
37261815
37261628
37261613
37261215
37261214
37260945
37260732
37260721
37260447
37259825
37258824
37258381
37257892
37257891
37257164
37256794
37256580
37255989
37255981
37255928
37255874
37255755
37255668
37255317
37255182
37255165
37255163
37255048
37253656
37253346
37253159
37252741
37251741
37251522
37251403
37251229
37250390
37250297
37249533
37249286
37249281
37249255
37247785
37246961
37246784
37246435
37246370
37246366
37246160
37245047
37244577
37244439
37243313
37243259
37243220
37242988
37242804
37241210
37241050
37240926
37240704
37240647
37240639
37240616
37240555
37239763
37239754
37239672
37239633
37239592
37239531
37239263
37238922
37238686
37238442
37238314
37238239
37238200
37238162
37237560
37236627
37236416
37235764
37235507
37235337
37234804
37234173
37234143
37234134
37234076
37233729
37233156
37232618
37231850
37231778
37231313
37230958
37230746
37230736
37230401
37230238
37230093
37229314
37229071
37228606
37228557
37228547
37228525
37228424
37228290
37228270
37228263
37227710
37227333
37227199
37227000
37226170
37226033
37225540
37225511
37225268
37224317
37223832
37223650
37223439
37223184
37222822
37222321
37222026
37220832
37220587
37220275
37219607
37219466
37219465
37218751
37218289
37217883
37217645
37217471
37217233
37217158
37216955
37216305
37216183
37215309
37215236
37214229
37214004
37213710
37213637
37212320
37212308
37212057
37211986
37211198
37210757
37210689
37210669
37209877
37209374
37209261
37209039
37208815
37208787
37208435
37207671
37207448
37206298
37205321
37205254
37205154
37204997
37204784
37203854
37202969
37202336
37201931
37201676
37201420
37201307
37201231
37201006
37200898
37200583
37199576
37199433
37199425
37199411
37198405
37197595
37197226
37196670
37196477
37196322
37196308
37195978
37195688
37195116
37195115
37195114
37195113
37195112
37194484
37193738
37193535
37193432
37193344
37193252
37192812
37192779
37192595
37192536
37192361
37192203
37191984
37191952
37190994
37190870
37190821
37190817
37190653
37190640
37190492
37189896
37189854
37189823
37189764
37189728
37189617
37189173
37189141
37188049
37187756
37187732
37187714
37187063
37186604
37185849
37185834
37185640
37185637
37185328
37185175
37185117
37184668
37184416
37184376
37183186
37182548
37182545
37182083
37182044
37181998
37181982
37181970
37181483
37181373
37180854
37180769
37179662
37179584
37179568
37179564
37179415
37179002
37178811
37178769
37178694
37178650
37178062
37176785
37176782
37176700
37176630
37176557
37175995
37175942
37175745
37175509
37175007
37174937
37174916
37174851
37174696
37174685
37174177
37174158
37173871
37173406
37173355
37172866
37172813
37172154
37171672
37171582
37171415
37170947
37170616
37170571
37170283
37169492
37169323
37168848
37168753
37168408
37168268
37168008
37167361
37167358
37167354
37167353
37167174
37167167
37167144
37167140
37166797
37166705
37166504
37166330
37166260
37166076
37165680
37164620
37164340
37164035
37163246
37163157
37162813
37162709
37162708
37162380
37161995
37161609
37161459
37160734
37160649
37160535
37160132
37160129
37159825
37158771
37158440
37157813
37157177
37156258
37156053
37155736
37155451
37155433
37154920
37154433
37154432
37153597
37153551
37153089
37152805
37152504
37151939
37151938
37151592
37151341
37151180
37150660
37150351
37150350
37150240
37149931
37149930
37149817
37149582
37148122
37148036
37148023
37147589
37147332
37147136
37145596
37145350
37145151
37145145
37144614
37143842
37143019
37142235
37142087
37141688
37141527
37141521
37141260
37141019
37140960
37140341
37140186
37138871
37138560
37138005
37137489
37137186
37133938
37133827
37133746
37133220
37132243
37132023
37131862
37131860
37131536
37131523
37131482
37131454
37131407
37131073
37130814
37130808
37130646
37130538
37130532
37129095
37128534
37128527
37128500
37128449
37128299
37128226
37127826
37127785
37127358
37127292
37126363
37126226
37126052
37125676
37125400
37125399
37125061
37124550
37124442
37123886
37123696
37122723
37122603
37122328
37122293
37122243
37122115
37120772
37120076
37119516
37119059
37118539
37117754
37116592
37116406
37116351
37115660
37115337
37115327
37114704
37114296
37114062
37114004
37113392
37113165
37112996
37112929
37112888
37112879
37112878
37112866
37112859
37112613
37111294
37110459
37110318
37109583
37109342
37109328
37109260
37109239
37109187
37109156
37108839
37108791
37108606
37108558
37107929
37107905
37106622
37106076
37105743
37105737
37105729
37105680
37105022
37104966
37104928
37104709
37104631
37103631
37103058
37102989
37102680
37101240
37100832
37100745
37100668
37100584
37099589
37099534
37098838
37098264
37098111
37097882
37097596
37097045
37096187
37095813
37095599
37095536
37094785
37094584
37093291
37093090
37092568
37091941
37091856
37091750
37091591
37091121
37091113
37091019
37090748
37090451
37090385
37090348
37090302
37090278
37089886
37089775
37089610
37089604
37089262
37089035
37088175
37087708
37087365
37085781
37085606
37085548
37085436
37085224
37085219
37084939
37084365
37084308
37082741
37082482
37082445
37082436
37082419
37081422
37081255
37080828
37080731
37080629
37080574
37080570
37079569
37079487
37079057
37078720
37078648
37078497
37078388
37078341
37078169
37078006
37077911
37077670
37077615
37077548
37077053
37076752
37076533
37076526
37076470
37076024
37075801
37075368
37074754
37074460
37073650
37073410
37073325
37073194
37073192
37073177
37072891
37072835
37072092
37072019
37072018
37071959
37071858
37071464
37071159
37071113
37071080
37070997
37070922
37070296
37070120
37070049
37070033
37069947
37069864
37069840
37069814
37069455
37069391
37069139
37068983
37068519
37068113
37067870
37067652
37066532
37065296
37064788
37064319
37064289
37064029
37063869
37061998
37061683
37061399
37061090
37060396
37057785
37056914
37056777
37056649
37056101
37055567
37055494
37055492
37055254
37055197
37055095
37055075
37054916
37054777
37054684
37054413
37054396
37054394
37052772
37052263
37052044
37052043
37051747
37051605
37051059
37048804
37048757
37048697
37048610
37048602
37047897
37047594
37047556
37047497
37047248
37047229
37046554
37046272
37046064
37045985
37045862
37045738
37045549
37044126
37043952
37043868
37042881
37041676
37041552
37040829
37040626
37039676
37039240
37038876
37038664
37038609
37038497
37038445
37038378
37038318
37038060
37037833
37037695
37037165
37037155
37037045
37036705
37036522
37036191
37036065
37035366
37034447
37034420
37034275
37034158
37034080
37033771
37033677
37033543
37033176
37032935
37032846
37032762
37032681
37031074
37030518
37029655
37029639
37029295
37029117
37027896
37027455
37027067
37026724
37025737
37025719
37025413
37025205
37025195
37024626
37024311
37024264
37024137
37023787
37023365
37023030
37022640
37021969
37021605
37021472
37021130
37021079
37020644
37020492
37020397
37020263
37020190
37020055
37019821
37019782
37019490
37018923
37018291
37018063
37017975
37017970
37017696
37017213
37016904
37016490
37016340
37016158
37015925
37015777
37015258
37014604
37014421
37013590
37013538
37013139
37012954
37012017
37011639
37011583
37010152
37009467
37009449
37009361
37009342
37008801
