36373121
36373105
36372733
36372623
36370676
36369815
36369208
36369107
36368772
36368627
36368518
36367300
36367295
36367067
36366539
36366465
36363472
36362782
36362710
36362706
36362687
36362684
36362614
36362506
36361640
36361430
36361362
36361269
36361102
36360985
36360866
36360861
36360860
36360651
36360494
36360471
36360409
36360405
36360368
36360172
36359807
36359409
36359373
36358996
36358582
36357723
36357676
36357381
36356998
36356798
36355754
36355625
36355108
36355087
36354180
36353967
36353621
36353605
36353352
36353225
36353127
36352492
36352423
36352367
36352330
36351919
36351871
36351421
36351274
36350945
36350895
36350653
36350613
36350279
36350150
36349400
36349301
36348978
36348825
36348639
36348637
36348517
36347517
36347499
36347462
36346370
36346147
36346003
36345461
36345237
36344014
36343877
36343181
36343180
36342711
36341457
36341327
36341113
36340780
36340274
36339936
36339707
36339677
36339652
36339223
36339175
36338884
36338320
36338260
36337799
36337708
36337595
36337508
36337437
36337358
36337300
36337133
36337085
36337005
36336851
36334503
36332963
36331556
36331228
36330986
36330010
36329655
36329513
36329334
36327888
36327473
36327314
36326824
36326761
36326730
36326545
36326165
36325916
36325402
36324747
36324612
36324552
36324314
36324001
36323892
36323469
36323462
36323438
36323418
36323303
36323239
36322364
36322190
36321004
36320650
36320554
36320055
36319840
36319780
36319703
36319681
36319644
36319532
36318931
36318894
36318856
36317806
36317311
36317108
36317092
36317068
36316957
36316955
36316909
36316848
36316730
36316693
36316598
36315947
36315942
36315558
36315323
36315170
36314975
36314791
36314555
36314485
36314373
36314341
36314218
36314211
36313487
36312492
36312284
36312217
36311877
36311179
36311173
36310958
36310289
36310154
36310021
36309479
36309327
36308638
36307637
36307141
36306045
36305796
36305529
36305225
36305011
36304968
36304797
36304732
36304694
36304574
36304538
36303824
36302947
36302469
36302216
36302197
36301542
36301107
36299969
36299940
36298824
36298551
36298472
36297256
36297092
36297002
36296272
36295814
36295660
36295562
36295554
36295531
36295088
36295042
36294991
36294922
36294918
36294770
36294534
36294444
36294346
36294186
36293968
36293950
36293857
36293582
36293182
36293160
36292552
36292504
36292491
36292338
36292286
36292191
36292001
36291993
36291973
36291381
36291297
36291027
36290378
36290350
36289827
36289812
36289785
36289613
36289394
36289028
36288726
36288725
36288615
36288544
36288423
36287815
36286953
36286902
36286887
36286799
36286750
36286718
36286219
36285549
36285402
36284829
36284058
36283919
36283580
36283026
36282676
36282608
36282598
36282324
36282267
36282136
36282031
36281907
36281870
36281828
36281537
36281442
36281441
36281239
36281140
36280936
36280844
36280755
36280346
36280093
36279865
36279816
36279253
36279226
36279094
36278147
36277732
36277564
36277546
36277530
36277305
36276576
36275861
36275692
36275350
36275349
36274177
36273847
36273799
36273762
36273112
36272444
36271769
36271662
36271645
36271495
36271437
36271419
36271411
36270236
36270117
36268783
36268747
36268576
36268320
36268261
36268187
36268184
36267491
36267489
36267488
36267397
36267333
36267264
36267244
36267194
36266740
36266739
36264947
36264758
36263650
36263148
36263058
36263014
36262940
36262583
36262270
36261911
36261892
36261436
36261314
36261163
36261140
36260712
36260234
36260103
36259281
36258815
36258810
36258806
36258795
36258275
36258221
36258025
36257950
36257836
36257307
36257062
36257014
36257013
36257010
36255453
36255432
36255430
36254798
36254726
36254195
36253950
36253560
36253228
36252983
36252801
36251682
36251583
36251474
36251306
36250654
36250103
36250059
36249619
36249584
36249583
36249460
36249429
36249181
36249088
36249044
36248863
36247977
36247831
36247234
36247216
36247098
36247065
36246726
36246482
36246110
36245904
36245770
36245462
36244850
36244099
36243455
36242969
36242061
36241127
36240747
36239662
36238301
36238082
36237932
36237627
36237184
36233830
36233779
36233769
36233655
36233627
36233626
36233559
36233555
36233529
36233516
36233447
36233443
36233392
36232592
36232381
36232113
36231979
36231893
36231717
36231696
36231087
36230989
36230921
36229057
36228563
36228428
36228200
36227557
36226564
36226558
36226380
36226231
36226148
36225258
36225207
36224705
36224219
36224218
36224173
36223804
36223711
36223120
36222077
36221293
36221250
36220753
36220416
36220023
36219733
36219596
36219531
36219031
36219008
36218967
36218706
36218579
36218236
36217980
36217355
36217108
36216578
36216482
36216402
36216186
36215250
36215100
36215063
36215047
36214989
36214896
36213654
36213433
36213222
36213211
36213093
36212783
36212672
36212621
36212256
36212082
36211989
36211553
36211365
36211330
36211169
36210865
36210445
36210413
36210396
36210340
36209993
36209281
36209231
36208908
36208907
36208899
36208897
36208718
36208548
36208038
36208028
36207245
36206959
36206625
36206532
36206312
36205804
36205724
36204816
36204699
36204457
36204261
36204017
36203969
36203683
36203358
36203266
36202942
36202473
36202328
36202259
36202253
36202227
36201735
36201673
36201636
36201465
36201207
36200774
36200625
36200288
36199668
36199500
36199463
36199237
36198972
36198765
36198459
36198415
36197894
36197571
36196947
36196735
36196612
36196240
36195985
36195306
36195090
36194958
36194229
36194146
36193914
36193697
36193427
36192799
36192556
36192553
36192452
36191881
36191860
36191847
36191820
36191600
36191024
36191007
36190929
36190662
36190093
36190078
36189952
36189824
36189788
36189559
36189309
36189287
36189286
36189104
36188947
36188869
36188830
36188784
36188760
36188433
36188407
36188145
36187907
36187895
36187720
36187363
36187294
36186977
36186771
36186752
36186637
36186173
36186117
36185993
36185987
36185653
36185330
36184531
36184351
36184207
36184010
36183780
36183694
36183480
36183412
36182629
36182048
36181997
36181480
36181315
36180640
36179057
36178611
36178541
36178222
36177261
36176821
36176639
36176520
36175361
36175346
36175345
36175299
36175088
36174796
36174032
36173949
36173920
36173444
36173325
36173148
36172860
36172531
36171984
36171121
36171050
36170967
36170709
36170698
36169757
36169708
36169159
36169154
36168699
36168684
36168683
36168584
36168555
36168382
36168319
36167848
36166803
36166651
36166648
36166227
36165546
36165510
36165233
36165185
36165028
36164464
36164334
36164285
36163659
36163297
36163137
36161203
36160884
36160805
36160776
36160629
36160133
36159609
36159208
36159103
36159093
36159045
36158941
36158405
36158335
36158308
36157873
36156682
36156538
36156274
36156194
36155957
36155767
36155748
36155631
36154716
36154545
36154544
36153785
36153624
36153556
36153241
36153208
36153035
36151916
36151607
36151435
36151129
36150781
36150751
36150465
36150112
36149952
36149773
36148828
36148648
36148558
36148243
36148163
36148046
36147994
36147772
36146875
36146806
36146713
36146679
36146672
36146648
36146560
36145655
36145141
36143878
36143181
36143178
36142902
36142282
36141935
36141732
36141693
36141588
36141327
36141278
36141012
36140603
36140358
36139092
36138994
36138753
36138727
36138154
36137680
36137679
36137635
36137612
36137595
36137592
36137590
36137587
36137317
36137147
36136915
36136251
36136066
36135649
36135212
36134915
36134735
36134654
36134517
36133318
36132227
36131932
36131852
36131349
36131342
36131218
36130797
36130738
36129588
36128859
36128850
36128823
36128671
36128513
36128146
36128057
36128041
36126984
36126384
36126080
36125627
36125379
36124445
36124439
36123599
36123490
36123459
36123422
36121338
36121081
36120629
36119651
36119648
36119456
36119409
36119337
36119281
36119254
36119181
36118515
36118272
36117492
36117251
36117150
36117103
36116979
36116770
36116722
36116582
36116355
36116186
36115933
36114978
36114710
36114661
36114621
36114120
36113745
36113695
36113501
36113246
36112577
36112333
36111527
36111418
36111386
36111310
36111059
36110434
36109264
36108875
36108666
36108135
36108134
36108021
36107667
36107526
36107447
36107425
36107254
36106303
36106285
36106263
36106228
36105434
36104802
36104117
36104031
36103903
36103880
36103083
36103031
36102740
36102721
36101980
36101871
36101784
36101703
36101461
36101327
36100326
36100294
36098262
36097586
36097300
36097114
36096801
36096524
36094747
36094472
36094442
36094128
36093967
36093463
36093308
36093039
36092857
36092810
36092770
36092197
36092161
36091872
36091843
36091834
36091707
36091672
36091550
36090973
36090590
36090156
36089875
36089786
36089753
36089700
36089591
36088825
36088793
36088642
36087417
36087363
36086492
36085172
36085055
36084543
36084399
36083297
36081871
36081267
36081063
36079143
36079082
36079040
36078932
36078910
36078866
36078808
36078366
36077506
36077496
36077138
36075815
36075670
36075519
36075378
36075330
36074988
36074973
36074854
36074833
36074666
36074464
36074167
36074068
36073095
36072698
36072173
36072070
36071466
36071155
36070950
36070788
36070309
36069885
36069846
