33904890
33904618
33904379
33904148
33904094
33903850
33903743
33902513
33902377
33902082
33902078
33902076
33901788
33901787
33901667
33901039
33899351
33898792
33898353
33898350
33898348
33898126
33897917
33897909
33897376
33897125
33896155
33896002
33895804
33895748
33895311
33894903
33894627
33894176
33893845
33893710
33893631
33893570
33893540
33893486
33893061
33892833
33892403
33891889
33891880
33890746
33890344
33890193
33889551
33889231
33889082
33889006
33888963
33888480
33888348
33888166
33888154
33888104
33887749
33887468
33887285
33886866
33886851
33886062
33884722
33884672
33884450
33883119
33883051
33882940
33881743
33881152
33880955
33880442
33880247
33880241
33879882
33879534
33879509
33878961
33878844
33878517
33878012
33877759
33876782
33875971
33875970
33875855
33875742
33875508
33875138
33874789
33874649
33874647
33873099
33873048
33872443
33872279
33872261
33872135
33871421
33871249
33871226
33870878
33870659
33870259
33870235
33869667
33869305
33869099
33868858
33868845
33868804
33868085
33868043
33867257
33865161
33864915
33864717
33864498
33864172
33863864
33863570
33863529
33863524
33862215
33862126
33861993
33861837
33861695
33861398
33860871
33860736
33860515
33859967
33858888
33858556
33857916
33857905
33857843
33857718
33857606
33857435
33856918
33856275
33854858
33853368
33852979
33852526
33852216
33851361
33850412
33850294
33850105
33850037
33849879
33849864
33848891
33848404
33848179
33847870
33847291
33847020
33846880
33846690
33846193
33846012
33845878
33845839
33844733
33844652
33844020
33843774
33843609
33843530
33842898
33842894
33842842
33842517
33842203
33842198
33842072
33841438
33841169
33840951
33840181
33839981
33839710
33839588
33839587
33839489
33838966
33838024
33837835
33837630
33836934
33836413
33836148
33836059
33835507
33835112
33835053
33834881
33834529
33833797
33833673
33833065
33832166
33831043
33830937
33830840
33830556
33830538
33830520
33830208
33829849
33829461
33827856
33827651
33827499
33827250
33826926
33826651
33826019
33824793
33824716
33824483
33823752
33823427
33822324
33822179
33822106
33822006
33822001
33822000
33821996
33821923
33821888
33821784
33821250
33821196
33820751
33819552
33819537
33819422
33818173
33817685
33817617
33817609
33817555
33817453
33817452
33817451
33816399
33816398
33815868
33815804
33813917
33813593
33813316
33813242
33813138
33812856
33812669
33811910
33811451
33811315
33810883
33810774
33809957
33809873
33809277
33809260
33808956
33807869
33807280
33807151
33806800
33803690
33803475
33802359
33801455
33801324
33801170
33800954
33800807
33800094
33799158
33799139
33798931
33796491
33796241
33795319
33795224
33794655
33794593
33792257
33792011
33791060
33790636
33789937
33789877
33789309
33789211
33788876
33788823
33788160
33788153
33788084
33787680
33787016
33787012
33786700
33786465
33786417
33785926
33785495
33785439
33785027
33784738
33784696
33783907
33782888
33782672
33781767
33781126
33780902
33780329
33780290
33780166
33779773
33779772
33778806
33778663
33778614
33778434
33778151
33778091
33777550
33777298
33777042
33776896
33776469
33775950
33775925
33775348
33774779
33774737
33774378
33773440
33773099
33772850
33771185
33770573
33770191
33769966
33769926
33769771
33769552
33768884
33768796
33768438
33768435
33768332
33768168
33768072
33767908
33767623
33767074
33767060
33767017
33766927
33766735
33766419
33765941
33765855
33765681
33764952
33764478
33764376
33764205
33763799
33763085
33762402
33762311
33762287
33761897
33761886
33761881
33760725
33759933
33758668
33758123
33757962
33757725
33757457
33757142
33756018
33755708
33755344
33755098
33754623
33754534
33754452
33753947
33753937
33753345
33752798
33752743
33752639
33752614
33752571
33752396
33752388
33752089
33751228
33751111
33749957
33748343
33747788
33746777
33746325
33745461
33745373
33745209
33745112
33745038
33744800
33744139
33744109
33743819
33743370
33743226
33742780
33742697
33742540
33742466
33742229
33740207
33739710
33739452
33739142
33738910
33738009
33737894
33737867
33737468
33737283
33735942
33735603
33735602
33735598
33735380
33735374
33734352
33734079
33733987
33733315
33733043
33732751
33732719
33732566
33732335
33732254
33732209
33731329
33731163
33730528
33730521
33730439
33730197
33729982
33729900
33729429
33729425
33729021
33728824
33728640
33728633
33727483
33727474
33727312
33726915
33726806
33726699
33725986
33725265
33725218
33724953
33724541
33724332
33724246
33723532
33723017
33722798
33722432
33722301
33721125
33720351
33719897
33719624
33719401
33718777
33717830
33717755
33716413
33715108
33713539
33713509
33713306
33713130
33713116
33712925
33712408
33712089
33711293
33711290
33711279
33711245
33710982
33710610
33710597
33710069
33709973
33709653
33709220
33708752
33708732
33708634
33708633
33707912
33707903
33707796
33706390
33706082
33705725
33705268
33704847
33704519
33703938
33693936
33692530
33692189
33692181
33691394
33688456
33688094
33687889
33687450
33687369
33687179
33687000
33686982
33686978
33686899
33686318
33684975
33684352
33684323
33684272
33683950
33683948
33683944
33683246
33682655
33682425
33682276
33681819
33681293
33680620
33679593
33679588
33679571
33679425
33679282
33679227
33679145
33678823
33678579
33677852
33677662
33677642
33677002
33676998
33676141
33675848
33675696
33675686
33675366
33674185
33673697
33672759
33672528
33670842
33670360
33670000
33669714
33668514
33668456
33666915
33666894
33666649
33666263
33664445
33664047
33663108
33662859
33662797
33662544
33662103
33661546
33659166
33659125
33657671
33657459
33657028
33656822
33656820
33656738
33656720
33656269
33656210
33656121
33656096
33655804
33655487
33655196
33654513
33653907
33653852
33653264
33652622
33651785
33651117
33650427
33650180
33649746
33649742
33649741
33649174
33648933
33648864
33648821
33647535
33646900
33646895
33645626
33645261
33644276
33643990
33643977
33643747
33643200
33641209
33640717
33640331
33639889
33639869
33639239
33639198
33637485
33636675
33636661
33636659
33636368
33635172
33634830
33634148
33633944
33633106
33633001
33632963
33632962
33632409
33632353
33632296
33632171
33631903
33631902
33631765
33631632
33631340
33630906
33630760
33630068
33628349
33627337
33627300
33627147
33627143
33626020
33625799
33625669
33625001
33624189
33624010
33623700
33623666
33623466
33622802
33621843
33620292
33619863
33619793
33619450
33618441
33618149
33617781
33616739
33616026
33615088
33615049
33614948
33614843
33614677
33614303
33614199
33614178
33614058
33613275
33611660
33610751
33610741
33610679
33610371
33609782
33609470
33609352
33609255
33608839
33608636
33608317
33607505
33607252
33606619
33606567
33606481
33606475
33606410
33606031
33604359
33604323
33603679
33603379
33603312
33602080
33600902
33600645
33600057
33599835
33599442
33599408
33599057
33598718
33598398
33598238
33596594
33596592
33596401
33596163
33596160
33595703
33595525
33595463
33593613
33593483
33593267
33591607
33591080
33590944
33590398
33589825
33589778
33588262
33588090
33587889
33587810
33587583
33587365
33587197
33586818
33586380
33586355
33586020
33585921
33585801
33585723
33585705
33585298
33584720
33584675
33584506
33584087
33583712
33583576
33583157
33583003
33582900
33582649
33582372
33581399
33580768
33580645
33579886
33579813
33578552
33577841
33577071
33576949
33576926
33576834
33576150
33575808
33575312
33575155
33574714
33574080
33574077
33571321
33570877
33570480
33570185
33570039
33570034
33569660
33569598
33568362
33566061
33565816
33565741
33564974
33564509
33564194
33562427
33562193
33561535
33561263
33560944
33560783
33560482
33560386
33559979
33559466
33558992
33558860
33558819
33558055
33557964
33557936
33557873
33557013
33556961
33556127
33555769
33555768
33555767
33555766
33555765
33555764
33555763
33555444
33554684
33554562
33554218
33553699
33553222
33552895
33551708
33551586
33551363
33551341
33550782
33550780
33550678
33549612
33548496
33548208
33548193
33548053
33547188
33547007
33546881
33546680
33546463
33545448
33545194
33544266
33543353
33543150
33542536
33542090
33542020
33541867
33541042
33540179
33540143
33540129
33539950
33539720
33539667
33538586
33538311
33537895
33537521
33537329
33537269
33537155
33536937
33536042
33534108
33533821
33533521
33532720
33532124
33532103
33530091
33530000
33529750
33528827
33528824
33527593
33527042
33523608
33523252
33523115
33522901
33521692
33521691
33521655
33521315
33521308
33521256
33521254
33520667
33519972
33519677
33519510
33519028
33519011
33518961
33518372
33518219
33517793
33515574
33515390
33513240
33512687
33512011
33511167
33510992
33510530
33510457
33509895
33509811
33508216
33508136
33508121
33507664
33507427
33506994
33505752
33505734
33504542
33504377
33502593
33502487
33502279
33501821
33501596
33501506
33500867
33500313
33497594
33497356
33497317
33497053
33496650
33496442
33496258
33495896
33494979
33494816
33493353
33492711
33492608
33491953
33490928
33490851
33489841
33488630
33488499
33488306
33488054
33488023
33487628
33487583
33487098
33486564
33486531
33485845
