37008787
37008742
37008583
37008248
37006590
37006315
37006099
37006098
37005767
37005524
37004892
37004666
37004627
37004544
37004325
37004143
37003990
37003978
37003610
37002625
37002390
37001283
37000922
37000609
37000328
37000135
36999952
36998815
36998709
36998579
36998270
36998202
36997975
36997530
36997265
36997264
36997263
36997262
36996590
36996121
36995792
36995712
36995436
36995412
36995291
36995097
36995082
36995062
36994124
36994108
36994047
36994024
36994011
36993120
36993117
36993002
36992986
36992767
36992740
36992673
36992491
36992490
36992454
36992410
36992402
36992384
36992322
36992283
36992274
36992243
36992190
36991568
36991025
36990946
36990915
36990762
36990494
36990297
36989909
36989892
36989078
36988520
36987476
36985286
36984804
36984627
36984617
36983953
36983936
36983838
36983830
36983777
36983685
36983374
36983270
36983242
36983234
36983124
36982809
36982783
36982693
36982589
36982194
36982151
36981968
36981826
36981800
36981522
36980424
36980155
36979849
36979815
36979712
36979253
36979225
36979062
36978767
36978095
36977809
36977560
36977491
36976797
36976485
36976476
36976171
36976130
36975498
36974881
36974249
36974244
36973744
36972892
36972723
36971672
36970163
36969717
36969629
36969358
36969243
36969241
36968874
36968851
36968793
36968333
36968307
36967795
36967739
36967698
36967485
36966983
36966957
36966955
36966750
36966620
36966460
36966161
36965396
36965119
36964995
36964860
36964859
36964670
36963989
36963283
36962824
36961861
36961688
36961666
36961465
36961039
36960894
36960877
36960546
36960350
36960247
36959663
36959046
36958743
36958635
36952419
36952147
36951877
36951848
36951829
36951477
36951347
36950864
36950447
36950279
36949968
36949856
36949854
36949773
36949763
36949469
36949439
36948566
36948378
36948200
36947542
36947300
36947108
36946836
36946597
36946541
36946399
36946314
36945746
36945127
36944811
36944437
36944344
36944225
36944213
36943909
36943669
36943643
36943540
36943516
36943466
36943439
36943067
36942996
36942980
36942392
36942191
36942133
36941925
36941374
36940713
36939932
36939818
36938980
36938946
36938772
36938258
36938206
36937672
36937614
36937488
36937372
36937195
36936993
36936859
36936802
36936586
36936554
36936553
36936404
36936268
36936263
36934476
36934469
36933413
36933364
36932352
36932242
36932094
36931690
36931340
36931142
36930511
36930323
36930300
36929707
36929517
36929455
36929202
36928222
36927426
36926784
36926770
36926600
36923015
36922870
36922482
36922471
36922030
36921943
36921564
36920842
36920723
36920416
36919388
36919010
36918081
36918077
36917827
36917411
36917277
36917023
36916866
36916751
36916685
36916666
36916475
36916110
36915803
36915802
36915672
36915663
36915412
36915265
36914719
36913005
36912923
36912410
36912409
36912407
36911963
36911962
36911961
36911958
36911724
36911474
36911430
36910884
36910496
36910476
36910458
36909731
36909301
36909078
36909036
36909025
36908618
36908615
36908474
36908417
36908242
36908238
36908059
36907855
36907666
36907590
36907459
36906971
36906677
36906646
36906570
36906338
36905350
36905297
36905161
36905145
36904676
36904195
36902849
36902717
36902702
36902632
36902271
36901661
36901516
36901146
36901059
36900996
36900938
36900807
36900655
36900127
36900064
36900026
36899992
36899952
36899824
36898830
36898527
36898399
36898391
36897648
36897483
36897476
36897122
36896723
36896459
36895625
36893397
36892679
36892678
36892345
36892052
36891281
36891252
36891136
36889788
36889218
36889040
36889020
36888777
36888600
36884145
36883908
36883140
36883129
36883046
36882791
36882400
36882238
36882180
36881801
36881797
36881045
36880819
36880667
36880556
36880317
36879504
36879082
36879079
36879067
36878599
36877912
36877802
36877677
36876379
36876242
36876049
36875356
36875252
36875135
36874724
36874415
36873598
36873427
36873426
36873410
36873075
36873058
36872614
36871866
36870930
36870567
36870559
36869345
36869248
36869060
36868468
36868374
36867709
36867422
36867421
36867420
36867142
36866647
36865695
36865687
36864920
36864491
36863848
36863745
36863719
36861893
36861807
36861061
36860856
36860508
36860215
36859256
36858426
36858313
36858287
36858030
36857969
36857191
36857178
36856339
36855992
36855632
36855599
36855438
36855337
36855317
36855220
36855180
36855044
36854349
36853927
36853824
36853602
36853484
36853269
36852851
36852674
36852606
36852285
36851819
36851811
36851793
36851746
36851707
36851699
36851668
36851614
36851603
36851588
36851504
36850042
36849853
36848564
36848314
36846611
36846562
36846561
36846556
36846164
36846139
36845422
36845421
36845050
36844209
36844204
36844201
36843772
36843488
36843460
36843458
36843453
36843376
36843369
36843124
36842501
36842195
36842076
36842064
36842001
36841973
36841740
36839439
36839224
36839188
36838326
36837609
36837480
36837463
36836865
36836605
36836568
36836515
36836416
36836412
36836207
36836071
36835948
36835863
36835785
36835589
36835445
36834984
36834176
36833793
36833123
36833078
36833061
36832543
36832477
36832445
36832180
36832129
36831898
36831886
36831611
36831150
36831027
36830913
36830790
36829952
36829885
36829118
36828919
36828639
36828209
36828133
36827994
36827832
36826568
36825730
36824565
36824563
36824451
36824312
36824097
36822995
36822818
36822817
36822507
36822411
36822133
36821798
36820315
36820079
36819980
36819369
36819348
36818469
36818111
36817925
36817788
36817777
36817565
36817017
36817015
36816797
36816762
36816606
36816352
36816340
36816154
36815935
36815864
36815689
36815503
36815216
36815161
36814698
36814473
36814187
36814151
36813660
36813431
36813422
36813418
36813250
36812402
36812215
36811824
36811291
36810758
36810757
36810289
36810225
36810170
36809921
36809636
36809513
36809148
36808043
36807975
36807958
36807444
36807419
36806080
36806075
36806073
36806049
36805865
36805383
36805019
36804609
36803675
36803217
36803155
36802914
36802122
36802119
36802108
36801951
36801258
36801082
36800696
36799525
36799524
36799521
36799447
36799435
36799261
36799211
36798867
36798683
36797666
36797141
36796420
36795973
36795727
36795701
36795575
36795545
36795327
36794902
36794864
36793840
36793837
36793333
36793086
36792456
36792217
36791649
36791431
36791116
36791037
36790825
36790806
36790796
36790374
36790319
36790044
36789311
36789126
36788985
36788961
36788605
36788324
36787802
36787143
36786887
36786877
36786873
36786810
36786706
36786698
36786618
36786503
36786218
36785842
36785807
36785778
36782402
36782191
36781363
36781153
36780255
36777928
36776879
36776697
36776681
36776382
36776349
36776093
36776041
36775262
36775065
36774419
36774347
36774332
36773894
36773893
36773054
36769888
36769845
36769807
36769705
36769648
36769425
36769410
36769389
36769320
36769057
36767932
36767926
36767803
36767620
36767195
36766859
36766627
36766599
36766589
36766583
36764951
36764682
36763625
36763588
36762927
36762849
36762752
36762328
36761395
36761033
36760948
36760716
36760557
36760093
36760005
36759861
36759161
36759021
36758864
36757946
36757854
36757649
36757605
36757522
36757307
36757300
36757258
36756925
36756465
36755631
36755472
36754974
36754649
36754589
36754401
36754119
36753451
36752973
36752656
36752623
36752386
36751643
36751448
36751393
36751389
36751176
36750957
36750846
36750167
36749838
36749529
36749239
36749215
36749209
36748919
36748905
36747962
36747883
36745532
36745445
36744406
36744344
36744129
36744068
36743741
36743705
36743679
36743296
36742994
36742339
36742177
36741600
36741307
36740547
36739463
36739354
36739132
36739121
36739119
36738656
36738231
36736991
36736577
36736574
36736220
36736191
36736066
36735950
36735948
36735404
36735149
36734068
36733935
36732397
36731889
36731606
36731500
36731284
36731251
36731244
36731065
36731064
36730963
36730755
36730047
36729627
36729559
36729302
36729120
36728893
36728854
36728828
36728728
36728676
36728648
36728643
36728317
36727514
36727384
36727338
36727324
36726898
36726198
36726167
36726008
36725436
36723639
36723478
36721729
36721708
36721659
36721575
36721386
36720714
36720670
36720636
36720311
36720183
36720058
36719890
36719840
36719785
36719594
36719540
36719401
36719069
36718484
36718474
36718471
36718418
36718227
36717724
36717723
36717302
36717218
36715690
36715424
36714683
36714458
36714125
36713617
36713477
36713476
36710996
36710628
36710233
36709621
36709256
36709220
36708796
36708608
36708380
36708076
36708022
36707454
36705268
36705185
36705094
36705045
36705007
36704582
36703854
36703776
36703736
36703253
36703183
36702551
36702521
36701736
36701357
36700571
36700425
36700308
36700245
36700201
36699926
36699798
36699562
36699242
36698905
36698885
36698837
36698810
36698809
36698619
36698537
36698161
36698111
36698058
36697403
36697009
36696734
36695924
36695893
36695546
36695513
36695401
36695268
36695253
36694613
36694382
36694123
36694110
36693812
36693536
36693071
36693032
36692679
36692636
36692398
36692057
36691992
36691459
36691396
36691395
36691205
36690948
36690792
36690515
36690496
36690284
36689921
36689040
