34507248
34507135
34506762
34506421
34506003
34505838
34505378
34504858
34504607
34504319
34504052
34503884
34501596
34501549
34501430
34501316
34501230
34499804
34499784
34499626
34499188
34499165
34498830
34497426
34497087
34495729
34495434
34495182
34495179
34494964
34494273
34493845
34493607
34493571
34493031
34492712
34492195
34491938
34491393
34491119
34490954
34490417
34490287
34490284
34489236
34488921
34488505
34488453
34488185
34487856
34487424
34487303
34487099
34486708
34486515
34485887
34485849
34485077
34485076
34485048
34484973
34484964
34484759
34484441
34484241
34483818
34483569
34482635
34482535
34481448
34481442
34481438
34481432
34481202
34480857
34480616
34479904
34479683
34479603
34479575
34479495
34479340
34479294
34479246
34479244
34479236
34478600
34478478
34478076
34478045
34478001
34477297
34476752
34476680
34476393
34476279
34476198
34474488
34474106
34473811
34473556
34473245
34472811
34472807
34472535
34471633
34471632
34471549
34471522
34471377
34471196
34470828
34470745
34470678
34469877
34469360
34468997
34468824
34468629
34468587
34468069
34467799
34467603
34467470
34467467
34467106
34466658
34466301
34466239
34465957
34465571
34464565
34464357
34463956
34463904
34463724
34462771
34462717
34462697
34462298
34461295
34461032
34460118
34459875
34459420
34458903
34458720
34458661
34458534
34458181
34458129
34457365
34457267
34457265
34457119
34456840
34456621
34456528
34456496
34456480
34455906
34455354
34454895
34454716
34454673
34454656
34454488
34453812
34453790
34452974
34452963
34452537
34452458
34452422
34451904
34451400
34450474
34449704
34449062
34448688
34448642
34448481
34448040
34447795
34447225
34446994
34446892
34446515
34446502
34446351
34446085
34446020
34445965
34445670
34445238
34444539
34444477
34444014
34442798
34442450
34442171
34441453
34440903
34440170
34440161
34440104
34439587
34438608
34438603
34438358
34437746
34437579
34437303
34436960
34436783
34435313
34434905
34433715
34433712
34433539
34433173
34431798
34431626
34431278
34431265
34431262
34430112
34429796
34429582
34429351
34428803
34428463
34427929
34427593
34427262
34427155
34426783
34426540
34426096
34426013
34425929
34425843
34425827
34425627
34425522
34425479
34424853
34423831
34423544
34423261
34422717
34422503
34422477
34422160
34421927
34421788
34421405
34421386
34420052
34419773
34419032
34418963
34418950
34418758
34418410
34418362
34417772
34417704
34417203
34417020
34416618
34416191
34416190
34416089
34415886
34415352
34415328
34415278
34415268
34415085
34414911
34414876
34414665
34414470
34414434
34414385
34414101
34413034
34412993
34411531
34411313
34410220
34410058
34409735
34409289
34409123
34408879
34408742
34408721
34408638
34408531
34408485
34407902
34407847
34406301
34406297
34405801
34405800
34405799
34405592
34405149
34405138
34405113
34405092
34405062
34403792
34403523
34403368
34403043
34403027
34402155
34401214
34400495
34400485
34400406
34400219
34400140
34398369
34398245
34398188
34398036
34397864
34397840
34397584
34397444
34397121
34396817
34396633
34396355
34396141
34396064
34396048
34395709
34395216
34395187
34395127
34395033
34394913
34394095
34393978
34393976
34393077
34392827
34392673
34391198
34391165
34391037
34390682
34390597
34390330
34390282
34390024
34390011
34389297
34388982
34388683
34388333
34388280
34387911
34387799
34387618
34387394
34387310
34387240
34386903
34386902
34386785
34386546
34386543
34386386
34386155
34386113
34386007
34385349
34385265
34385257
34385221
34385205
34384972
34384627
34384461
34384321
34383898
34383435
34383205
34383064
34382616
34382615
34382433
34382150
34381949
34381643
34381495
34381391
34381049
34380685
34380677
34380619
34379921
34379920
34379919
34379918
34379888
34379644
34379495
34379300
34379290
34377996
34377888
34377750
34377699
34377609
34377558
34377452
34377450
34377093
34376896
34375986
34375711
34375505
34374593
34374591
34373991
34373831
34373830
34373809
34373540
34373245
34373240
34373041
34372552
34371940
34371513
34371507
34371208
34371205
34370958
34370603
34370409
34370393
34370206
34369895
34368903
34368790
34368778
34368517
34368419
34368201
34368066
34368030
34367936
34367935
34367838
34367705
34367704
34366659
34366528
34366241
34366078
34365975
34365798
34365670
34365640
34365439
34364730
34364672
34364072
34363619
34363587
34362755
34362648
34362372
34362224
34362155
34362142
34362141
34362088
34362017
34361021
34360004
34358726
34358472
34358460
34358031
34357885
34357478
34356872
34356552
34356243
34355349
34355029
34354847
34354682
34353524
34353302
34353250
34353002
34352870
34352201
34351975
34351888
34351874
34351274
34351016
34350541
34350146
34350072
34349633
34348821
34348808
34348321
34347785
34347629
34346604
34346558
34346539
34346051
34345869
34345766
34345629
34345488
34345354
34345254
34345182
34345055
34344651
34344321
34344315
34344305
34344230
34344032
34344017
34343929
34343471
34343373
34343362
34343140
34343043
34342852
34342728
34342429
34342416
34342208
34341978
34341960
34341959
34341436
34340983
34340972
34340970
34340958
34340244
34339959
34339806
34339626
34339624
34339563
34339544
34338711
34338124
34337594
34337552
34337326
34336948
34336891
34336725
34336414
34336325
34336319
34336288
34336212
34336065
34335105
34335016
34334916
34334914
34334882
34334879
34334284
34333907
34333272
34333238
34333121
34332866
34332823
34332551
34331778
34331436
34331326
34331263
34330569
34330463
34329810
34328636
34328579
34328578
34328548
34328172
34327929
34327860
34327844
34327787
34327751
34327666
34327127
34327082
34327034
34326644
34326616
34326607
34326224
34326176
34326011
34325992
34325956
34325925
34325861
34325334
34324964
34324827
34324704
34324679
34324524
34324073
34323990
34323987
34323920
34323298
34322859
34322607
34322566
34322501
34322352
34322335
34321689
34321687
34321686
34321679
34321439
34321332
34321271
34321266
34321226
34321219
34321155
34321150
34321116
34320281
34320164
34319959
34319569
34319186
34319130
34318585
34318407
34318370
34316563
34316551
34316076
34315980
34315800
34315745
34315680
34315615
34315206
34315159
34314860
34314669
34314663
34314399
34314031
34313818
34313479
34313470
34313468
34312809
34312592
34312501
34312316
34312178
34312139
34312122
34311990
34311983
34311976
34311812
34311684
34311011
34310359
34309906
34309754
34309328
34309139
34308755
34308548
34308410
34308401
34308300
34308259
34307971
34307903
34307547
34307408
34307113
34307112
34307016
34306899
34306884
34306871
34306850
34306794
34306718
34306190
34305427
34305260
34305158
34304225
34304141
34303641
34303538
34303381
34303344
34302963
34302903
34302866
34302757
34302291
34301706
34301704
34301692
34301426
34300362
34300219
34300186
34300183
34299101
34298343
34298070
34296992
34296966
34296541
34296386
34295602
34295230
34293703
34293539
34293224
34292994
34292386
34292265
34291856
34291813
34291812
34291313
34291224
34290962
34290941
34290398
34290032
34289206
34289162
34289037
34288064
34287905
34287520
34287513
34287509
34287504
34287348
34287226
34287109
34287107
34286876
34286519
34286502
34286449
34286447
34286362
34285930
34285908
34285741
34285538
34285402
34285348
34285078
34285024
34284918
34284567
34284532
34284408
34283545
34283537
34282465
34282377
34281723
34281568
34281186
34280885
34280318
34280176
34280038
34279891
34279828
34279559
34278995
34278987
34278694
34278556
34278318
34278212
34277383
34277139
34277081
34276672
34276671
34276567
34276164
34275539
34275164
34274719
34274540
34274539
34274144
34274064
34273962
34273510
34273304
34273267
34273080
34273064
34272434
34272318
34272033
34272031
34271989
34271816
34271815
34271810
34271809
34270990
34270451
34270448
34269987
34269644
34269227
34268784
34268556
34268500
34268455
34268057
34267545
34267076
34266903
34266783
34266660
34266228
34265539
34265229
34265022
34264414
34264266
34264156
34264006
34262774
34262570
34262566
34262190
34261901
34261689
34261560
34261487
34261329
34261116
34260855
34260823
34260501
34260489
34260481
34260342
34259880
34259777
34259759
34259187
34258900
34258892
34258628
34258320
34258310
34258268
34258246
34257979
34257762
34257426
34257184
34256831
34256735
34256532
34256515
34256411
34256409
34255587
34255566
34255355
34255304
34254725
34254667
34254132
34254129
34254052
34253533
34253167
34252988
34252339
34252157
34251989
34251585
34251551
34251354
34251340
34250939
34250914
34250520
34250519
34250517
34250445
34249973
34249972
34249668
34249665
34249284
34249236
34248962
34248921
34248620
34248502
34248441
34247995
34247970
34247452
34247285
34246957
34246919
34246424
34246363
34245450
34244323
34244321
34244164
34243904
34243776
34242974
34242919
34242806
34242539
34242467
34241914
34241783
34241692
34241639
34241597
34240583
34240374
34240218
34240216
34239785
34239770
34239495
34239380
34238684
34237522
34237471
34237419
34237335
34237305
34237184
34237048
34237015
34235415
34234598
34234323
34234251
34234065
34232920
34232801
34232425
34232306
34231404
34231395
34231291
34230916
