36688688
36687403
36687360
36687116
36686690
36686632
36686629
36686624
36685755
36685609
36685603
36685582
36685555
36685052
36684985
36683940
36683824
36683795
36682515
36681069
36680925
36680700
36680646
36680449
36680417
36680296
36680154
36680134
36680082
36678420
36676778
36676761
36676732
36676627
36676175
36676046
36675784
36675765
36675633
36675590
36675551
36675479
36675440
36675349
36675242
36674896
36674851
36674665
36674471
36674367
36674238
36674222
36674143
36674117
36673587
36673565
36673555
36672687
36672603
36672595
36672579
36672177
36672112
36672066
36672005
36671900
36671555
36670627
36670478
36670365
36670127
36670030
36669793
36669777
36669646
36668964
36662879
36661489
36660968
36660763
36660391
36660390
36660166
36660120
36660118
36659933
36658637
36658592
36657623
36657309
36657196
36657113
36656830
36656356
36655704
36654765
36654638
36654564
36653613
36652991
36652923
36652836
36652624
36652247
36652137
36652103
36651103
36651096
36650909
36650574
36649958
36649955
36649954
36649950
36649947
36649824
36649730
36649514
36648965
36648915
36648893
36648876
36648675
36648343
36647886
36647884
36647670
36647581
36647559
36647474
36647063
36646091
36646086
36645635
36645453
36644405
36644105
36643829
36643619
36643576
36643339
36643009
36642294
36642173
36642100
36641647
36640728
36639974
36639608
36639563
36639404
36639099
36638409
36638113
36637466
36636973
36636846
36636820
36636645
36636391
36636300
36635717
36634926
36634924
36634854
36634686
36634460
36634184
36634048
36633476
36633452
36632532
36632274
36632218
36632122
36631153
36631024
36630287
36629604
36629242
36628636
36628269
36628256
36628181
36628057
36628054
36628048
36628040
36627589
36627290
36627110
36627055
36626979
36626648
36626183
36625747
36624888
36624784
36624646
36624565
36623520
36623516
36623391
36622519
36621347
36621074
36620963
36620918
36620643
36619843
36619768
36619479
36619367
36619270
36619225
36618714
36618501
36618178
36618168
36617777
36617460
36617454
36617353
36615143
36615108
36615087
36614987
36614932
36614901
36614874
36613731
36613462
36613170
36612816
36612782
36612505
36612472
36612426
36611511
36611414
36611411
36611362
36611357
36611316
36611076
36610823
36610666
36610599
36610206
36610051
36609778
36609687
36609409
36608066
36607546
36607468
36607266
36606602
36606540
36606171
36605981
36605866
36605410
36605094
36604523
36604108
36603819
36603126
36602806
36602051
36601347
36601203
36601150
36601115
36601011
36600841
36600829
36600580
36600349
36599668
36599625
36599531
36598294
36598293
36597517
36597448
36597447
36597293
36597288
36597212
36596904
36596692
36596651
36596272
36596223
36595621
36594987
36594470
36594290
36592784
36592551
36591612
36591311
36591299
36591237
36590671
36590468
36589958
36589322
36589219
36589208
36589199
36588926
36588333
36587841
36587233
36586593
36586481
36585758
36585276
36584771
36584552
36584125
36584099
36583998
36583895
36583749
36583552
36583404
36582565
36582511
36582276
36582234
36582096
36581538
36581530
36581498
36580850
36580747
36580648
36580406
36580085
36579544
36579511
36579393
36579288
36579210
36579193
36579139
36578614
36578269
36577976
36577665
36575945
36575843
36575774
36575713
36575546
36575537
36575437
36575228
36575200
36574583
36574302
36574210
36574178
36573990
36573989
36573390
36573005
36572819
36572763
36572544
36572541
36572540
36572370
36571334
36571257
36571092
36571076
36570972
36570827
36570781
36570602
36570532
36570463
36570454
36569883
36568610
36568433
36568022
36567743
36567371
36567171
36566815
36566779
36566741
36566073
36565610
36565609
36564428
36564152
36564023
36563487
36562867
36562653
36562590
36561747
36561720
36560996
36560976
36560907
36560801
36560633
36560618
36560604
36560392
36559025
36558835
36558540
36558362
36557705
36557244
36557009
36556998
36556422
36556290
36556240
36556237
36556137
36556030
36556003
36555954
36555948
36555931
36554975
36554860
36554723
36554538
36554262
36554259
36554098
36554016
36553942
36553912
36553888
36553867
36553253
36553195
36553146
36553099
36553039
36552928
36552357
36552191
36552013
36551891
36551869
36551272
36550758
36550205
36549786
36549756
36549578
36549172
36548966
36547711
36547424
36546906
36546758
36546678
36545553
36544852
36544496
36544405
36544352
36544331
36544250
36544117
36543215
36542805
36542694
36542514
36542357
36542216
36541667
36541355
36541342
36541203
36540727
36540020
36539931
36539855
36539786
36539760
36539388
36539006
36538532
36538398
36538113
36537636
36537630
36537629
36537628
36537598
36536440
36535906
36535564
36535539
36535372
36535297
36535239
36534560
36534494
36534008
36534007
36533738
36533098
36532924
36532799
36532633
36532316
36532228
36531928
36531721
36531227
36530872
36530768
36529987
36529610
36529544
36529409
36529373
36529118
36528671
36528460
36527990
36527371
36527007
36526981
36526580
36526333
36525872
36525557
36525472
36525431
36525259
36525126
36524670
36523691
36523678
36523390
36522351
36522039
36522036
36521730
36521337
36521330
36521274
36521194
36520808
36520214
36520209
36520039
36519381
36518916
36518871
36518782
36518348
36518330
36517875
36517845
36517603
36515755
36515426
36515147
36514781
36514625
36514618
36514560
36514319
36513884
36513284
36513053
36512382
36512043
36511460
36511169
36510222
36510129
36509479
36509477
36509476
36509473
36509472
36509471
36509334
36509178
36508292
36508159
36508158
36507615
36507225
36507117
36506823
36506757
36506710
36506606
36506417
36506342
36505732
36505604
36505593
36505013
36504922
36504781
36504697
36504604
36503014
36502582
36502320
36501014
36499671
36499104
36498626
36498509
36498197
36498103
36498091
36497810
36497573
36497138
36496499
36496111
36496030
36495651
36495301
36495295
36495064
36494763
36494289
36493804
36484863
36484692
36483107
36482923
36482672
36482236
36482164
36482101
36480981
36480687
36480262
36479951
36479948
36479679
36479165
36479046
36478734
36478593
36478477
36477574
36477564
36477364
36477204
36476617
36476558
36476527
36476388
36476156
36476088
36475865
36475221
36475159
36475104
36475055
36474847
36474804
36474485
36474290
36474113
36473347
36472878
36472834
36472559
36472558
36472284
36472248
36471749
36471519
36471421
36471327
36471132
36470824
36470721
36470705
36470237
36469248
36468825
36468790
36468570
36468196
36467693
36467487
36467465
36467161
36466841
36466420
36466122
36466075
36465573
36464947
36464877
36464697
36464321
36464245
36464223
36462988
36462758
36462554
36462292
36462223
36462147
36462035
36461878
36461167
36460367
36460170
36459448
36459041
36458986
36458984
36458712
36458566
36458509
36458102
36458084
36458078
36457730
36457603
36457261
36457246
36457245
36457159
36456971
36456834
36455760
36455563
36455453
36454631
36454572
36454120
36453214
36452880
36452567
36452019
36452006
36451638
36451501
36451400
36451358
36451331
36451154
36450929
36450749
36450116
36449816
36449807
36449533
36449517
36449461
36449260
36448687
36448484
36447953
36447926
36447795
36447736
36447724
36447641
36447237
36447183
36447125
36446760
36446465
36446075
36445566
36445225
36442914
36442889
36441785
36441730
36441360
36441010
36440770
36440302
36439589
36439242
36438956
36438618
36438453
36438223
36438042
36437985
36437982
36437420
36436792
36436226
36435560
36435559
36434908
36434150
36434130
36433780
36432196
36431302
36431250
36431174
36431145
36431130
36431053
36431003
36430870
36430684
36430629
36430175
36430069
36430026
36429932
36429864
36429623
36429613
36429458
36429392
36428524
36427099
36427058
36427055
36426658
36426580
36426284
36425743
36425739
36425345
36425003
36424379
36424123
36423956
36423696
36423404
36422948
36422669
36422588
36422238
36422085
36421855
36420736
36420721
36420584
36420354
36420234
36419581
36418912
36418812
36418600
36417409
36417364
36417267
36416893
36416143
36415693
36414842
36414624
36414570
36414294
36413337
36413270
36412591
36412474
36412458
36412129
36412084
36412058
36412057
36411833
36411724
36411095
36410813
36410797
36410693
36409559
36409406
36409344
36408087
36408018
36407988
36407883
36407823
36407192
36407178
36407161
36407125
36407052
36406802
36406801
36406289
36405747
36405361
36405232
36405030
36404774
36403699
36403360
36403358
36402148
36401772
36401484
36401476
36401423
36401405
36401352
36400868
36400685
36400555
36398846
36398720
36397624
36397426
36396860
36396785
36396587
36396269
36395182
36395158
36394765
36394405
36393958
36389746
36389563
36389036
36388891
36388208
36388207
36387947
36387712
36387701
36387678
36387291
36386945
36386376
36385449
36385329
36384925
36384737
36384658
36384641
36384406
36383790
36383686
36383060
36382831
36382808
36382632
36382249
36382116
36381999
36381996
36381920
36381793
36381748
36380889
36380329
36380068
36380000
36379498
36379497
36379490
36379152
36379135
36378699
36378534
36378504
36378309
36378091
36377567
36377411
36377234
36377222
36376776
36376627
36376534
36376179
36375693
36375463
36375098
36374838
36374522
36373642
36373376
36373223
