34802891
34802495
34801103
34801102
34801100
34800742
34800571
34800286
34800201
34798148
34796667
34796652
34796242
34796000
34795813
34795545
34795449
34794987
34794857
34794410
34793996
34793991
34793374
34793373
34793348
34792882
34792813
34792722
34792577
34791568
34791496
34791425
34791157
34790680
34790619
34790346
34790020
34789437
34789351
34788237
34787974
34787782
34787678
34786820
34786669
34786334
34786202
34786039
34785873
34785865
34785382
34785367
34784300
34784260
34783824
34783470
34783228
34783128
34783052
34782556
34781153
34781110
34781021
34780969
34780967
34780850
34779965
34779390
34778601
34778497
34778405
34778310
34778150
34778143
34778138
34777873
34777798
34777797
34777224
34777058
34776872
34776871
34775462
34774843
34774760
34774757
34774470
34774190
34773697
34773422
34772922
34772779
34772683
34770113
34769973
34769934
34769566
34769350
34769017
34768725
34768568
34768033
34766857
34766365
34766331
34766257
34766205
34766055
34765889
34765348
34765231
34765212
34764508
34764472
34764200
34764192
34764099
34763262
34763058
34763045
34761747
34761693
34761446
34760415
34759970
34758386
34758108
34758007
34757873
34757458
34757259
34757074
34757006
34756833
34756744
34756631
34756590
34755940
34755917
34755858
34755839
34755796
34755562
34755400
34755363
34755347
34754695
34754588
34754443
34754338
34754218
34753834
34753749
34753712
34752928
34752489
34752471
34752312
34751972
34751896
34751672
34751538
34751305
34751180
34751081
34750969
34750595
34749756
34749491
34748825
34748736
34748144
34747982
34747856
34747740
34747359
34746909
34746876
34746370
34746174
34745634
34745619
34745603
34745149
34745122
34744963
34744633
34744416
34744237
34744110
34743438
34743090
34742543
34742332
34741822
34741579
34738572
34738307
34738231
34737740
34737616
34737222
34735712
34735693
34735692
34734914
34734907
34733644
34733045
34733044
34732978
34732518
34732316
34731691
34731533
34731523
34731444
34730706
34730705
34730420
34730322
34730039
34729795
34729348
34729276
34729259
34728975
34728186
34728138
34727992
34727365
34726085
34725634
34725633
34725512
34725052
34724243
34723359
34722936
34722682
34722416
34722412
34722191
34722016
34721055
34720981
34720969
34720958
34720198
34719599
34718817
34718627
34718282
34718113
34717815
34717691
34717676
34717097
34716898
34716806
34716614
34716418
34716221
34716149
34716032
34715788
34715312
34714960
34714497
34714493
34714382
34713798
34713356
34713328
34712875
34711628
34711574
34711562
34711561
34711556
34711555
34711507
34710959
34710939
34710173
34710097
34710063
34709573
34709105
34709019
34708909
34708861
34708687
34708437
34708189
34707876
34707590
34707585
34707521
34706965
34706651
34706569
34706377
34706286
34705368
34704672
34704607
34704454
34704429
34704387
34704256
34704088
34703831
34703755
34703738
34703656
34703605
34703602
34703600
34703597
34703112
34703072
34702883
34702794
34702128
34700172
34699853
34699709
34698871
34698279
34696947
34696521
34696451
34696427
34696334
34696288
34695852
34695606
34695052
34694467
34694339
34694250
34694107
34694037
34693703
34693230
34693035
34692771
34692410
34692373
34692350
34692347
34692343
34692341
34692340
34692331
34692237
34691762
34691325
34690989
34690485
34690357
34690009
34689061
34688947
34688892
34688775
34688543
34687967
34687877
34687739
34687695
34687672
34687462
34687442
34687437
34687321
34686843
34686631
34686586
34686519
34686518
34685567
34685427
34684216
34684195
34684123
34684049
34683178
34683156
34682970
34682909
34682648
34681944
34681595
34680460
34679512
34679418
34679351
34679139
34678422
34678309
34678213
34677601
34677597
34677484
34677374
34677202
34677199
34677197
34676581
34676578
34676558
34676408
34676111
34675436
34675111
34674673
34674039
34674007
34674005
34673642
34673325
34672377
34672022
34672005
34671964
34671854
34671538
34671353
34670811
34670773
34670282
34670263
34670262
34669943
34669835
34669345
34668124
34667907
34667824
34667809
34667608
34667604
34667417
34667414
34667307
34667037
34666076
34666062
34665858
34665688
34665518
34665395
34665296
34664483
34664111
34663466
34663257
34661633
34661183
34661055
34661054
34661045
34660355
34660038
34659998
34659981
34659969
34659924
34659916
34659795
34659793
34659752
34659654
34659259
34659245
34659238
34659128
34659109
34658434
34657745
34657643
34657406
34657085
34656999
34656797
34656482
34656257
34655835
34655530
34655418
34655247
34655141
34654589
34654051
34654049
34653903
34653196
34653099
34652626
34652387
34651316
34651183
34651099
34651049
34650855
34650838
34650454
34650349
34649946
34648992
34648616
34648149
34648103
34648081
34647864
34647638
34647164
34646643
34646278
34646224
34645784
34645540
34645457
34643720
34643462
34643243
34642925
34642875
34642843
34642823
34642678
34642670
34642651
34642630
34642609
34642224
34641663
34640471
34640447
34640355
34639733
34639569
34639344
34638785
34637677
34637671
34637137
34637081
34637017
34636996
34636334
34636103
34635560
34635305
34635222
34635073
34634931
34634679
34634534
34634236
34634234
34634109
34633943
34633050
34632327
34632070
34632064
34631916
34631493
34631391
34631180
34630915
34630914
34630795
34629809
34629672
34629656
34629652
34629649
34629627
34629604
34629462
34629397
34629385
34628708
34628389
34628134
34627973
34627782
34627613
34627561
34627560
34627083
34626924
34626912
34626774
34626096
34625910
34625436
34625431
34625406
34623198
34623104
34622141
34621523
34620968
34620676
34620535
34620361
34620339
34620202
34620179
34619491
34619336
34619117
34619110
34618764
34618551
34617982
34617402
34617371
34617252
34615668
34614444
34614307
34614008
34613505
34612504
34611810
34611768
34611512
34611034
34611015
34609841
34609482
34609195
34609154
34609153
34608458
34608446
34608441
34608117
34607818
34607799
34607068
34607050
34607005
34605596
34605352
34604993
34604980
34604723
34604693
34604021
34603963
34603883
34603580
34603283
34603261
34603189
34603102
34602915
34602603
34602376
34601951
34601853
34601698
34601533
34601388
34601231
34601121
34601116
34601005
34600862
34600801
34599760
34599743
34599528
34599493
34599465
34598958
34598278
34597784
34596624
34595368
34594552
34593760
34593237
34592443
34592419
34591800
34591722
34591653
34589715
34589500
34588541
34588274
34587867
34587494
34586493
34586367
34586059
34586056
34586055
34585892
34585858
34585672
34584615
34584465
34583944
34583913
34583690
34583417
34582728
34582441
34581996
34581458
34581167
34580823
34580754
34580633
34580630
34580593
34580407
34580261
34580260
34580128
34580087
34580069
34579722
34579670
34579171
34577633
34576853
34575746
34575615
34575258
34575251
34575040
34574935
34574691
34573196
34572982
34572439
34572201
34571686
34571658
34571657
34571656
34571655
34571039
34570905
34569762
34569684
34569681
34569550
34569299
34569221
34568994
34568759
34568458
34568393
34568360
34568159
34567954
34567551
34567448
34566878
34566731
34565712
34565368
34564734
34564341
34564089
34564071
34563758
34563747
34563706
34563621
34563471
34563381
34562193
34561986
34561811
34561390
34561388
34561113
34561107
34560597
34560443
34560321
34560318
34560093
34559820
34559791
34559786
34559592
34559399
34559059
34558550
34558415
34557966
34557370
34557319
34556492
34556288
34556241
34556131
34556058
34556029
34555788
34555340
34555320
34555203
34554973
34554794
34554270
34554265
34553706
34553691
34553576
34553216
34552899
34552833
34552793
34552055
34551971
34551948
34551007
34550702
34550544
34550429
34550381
34549667
34549296
34549199
34549179
34548990
34548880
34548354
34548231
34548140
34547717
34547716
34547499
34547156
34546607
34546559
34545348
34544975
34544726
34544701
34544516
34543933
34543404
34543076
34542601
34542255
34541927
34541561
34541554
34541553
34541457
34541421
34540862
34540475
34540321
34539642
34539470
34538745
34538678
34538300
34538296
34538286
34537995
34537716
34537396
34537303
34537061
34536917
34536697
34536641
34536067
34535993
34535527
34535526
34535516
34535480
34535232
34535055
34534991
34534589
34534416
34534354
34534155
34533807
34533706
34533492
34532368
34532186
34531865
34531331
34531277
34531241
34531126
34530883
34530589
34530550
34530549
34530521
34530432
34529942
34529639
34529126
34528325
34528075
34527471
34527182
34524560
34523885
34523756
34523701
34523700
34523083
34523082
34522906
34522693
34522605
34522401
34522385
34522117
34521836
34521740
34521686
34521335
34521312
34520845
34520624
34519974
34519235
34518190
34518174
34518048
34517856
34517273
34517154
34517049
34516657
34516612
34515805
34515314
34515235
34515212
34514834
34514713
34514439
34514076
34513586
34513494
34512975
34512958
34512851
34512850
34512810
34512335
34512328
34512253
34512038
34511982
34511877
34511868
34511802
34511734
34511569
34511566
34511379
34511231
34510169
34510156
34509790
34509649
34509350
34509326
34508860
34508837
34508552
34508537
34508493
34508486
34508476
34508442
34508406
34508357
34508336
34507934
34507870
34507521
34507249
