35772604
35772216
35771014
35770945
35770808
35770683
35770353
35770252
35769168
35768931
35768781
35768548
35768516
35768406
35768219
35768007
35768006
35767537
35767287
35767055
35766728
35766663
35766219
35766187
35765956
35765623
35765605
35765385
35765138
35764955
35764621
35764594
35764342
35764231
35764120
35763985
35763757
35763279
35763214
35762895
35762891
35762862
35762847
35762470
35761907
35761861
35760688
35760447
35760277
35759562
35759535
35758174
35757988
35757896
35757787
35757700
35757456
35757408
35757128
35757101
35756912
35756896
35756854
35756155
35755951
35755910
35755859
35755616
35755513
35755492
35753836
35753603
35752747
35752482
35752194
35752193
35751951
35751888
35751475
35751044
35750943
35750422
35750397
35749524
35748950
35748622
35748529
35748019
35747858
35747798
35747739
35747600
35747548
35747544
35747313
35747312
35747195
35747147
35747023
35746891
35746793
35746613
35746609
35746457
35745708
35745230
35743993
35743978
35743932
35743918
35743812
35743774
35743659
35743582
35743516
35743461
35743346
35742722
35742355
35742231
35742219
35742213
35742034
35741601
35741459
35741206
35741183
35741026
35740854
35740354
35739582
35739568
35739136
35737279
35736878
35736595
35736479
35736349
35735900
35735756
35735365
35734675
35734318
35734206
35734190
35733924
35733875
35733472
35733179
35732153
35731968
35731363
35731343
35731085
35729924
35729170
35728442
35728116
35728088
35727933
35727930
35727926
35727903
35727901
35727635
35727534
35727531
35727139
35726518
35726132
35725828
35725782
35725689
35724998
35724935
35724867
35724689
35724687
35724449
35723903
35723777
35723642
35723498
35722706
35722186
35722133
35721785
35721200
35720626
35720240
35720149
35720084
35719579
35719154
35718289
35717982
35717880
35717309
35716674
35716481
35716213
35715833
35715663
35714995
35714658
35714657
35713758
35713087
35712691
35712624
35712391
35712343
35711381
35710272
35709786
35709663
35709649
35709281
35709270
35709233
35708703
35708160
35706352
35705825
35705635
35705268
35703982
35702954
35702847
35702058
35701730
35701643
35701598
35701186
35700481
35699901
35699822
35699161
35699134
35698920
35698804
35698166
35698068
35697904
35697820
35697699
35697563
35697456
35697326
35697054
35697052
35696815
35696647
35696289
35695907
35695464
35694728
35694274
35693957
35693828
35693424
35693105
35693056
35693009
35692134
35691980
35691763
35690992
35690420
35690233
35689618
35688881
35688830
35687603
35687535
35686346
35686079
35685491
35685053
35685049
35684944
35684113
35684003
35683485
35683480
35683388
35682448
35682394
35682280
35681993
35680304
35680277
35680023
35679657
35678599
35678553
35678268
35677884
35677665
35677013
35676811
35676657
35676466
35676112
35675908
35675555
35675054
35674570
35674380
35674083
35673620
35672052
35671044
35670916
35670268
35670231
35669940
35669936
35669398
35669355
35669227
35668839
35668818
35668523
35668159
35668063
35667761
35667744
35667743
35667738
35667737
35666135
35665136
35665037
35664813
35663928
35663839
35663719
35663687
35663303
35662385
35662207
35661394
35661354
35660031
35659815
35659364
35659358
35658801
35658752
35658540
35658089
35657750
35657351
35656429
35655981
35655660
35655148
35655110
35654679
35654635
35654343
35653103
35651896
35651892
35651465
35650445
35650124
35649534
35649438
35649329
35649174
35648781
35648770
35648057
35647937
35647609
35647315
35647079
35647070
35646997
35646985
35646959
35646289
35645833
35645386
35645383
35645380
35645308
35644682
35643305
35643041
35642193
35642018
35640958
35640940
35640012
35639926
35639214
35638118
35637934
35637828
35637475
35637413
35637125
35636990
35636909
35636906
35636457
35635529
35635280
35634955
35634699
35633949
35633835
35633651
35633395
35633158
35633047
35632823
35632784
35632778
35632776
35632761
35632691
35632649
35632590
35632408
35631558
35631077
35629421
35629149
35628892
35628049
35627841
35627801
35627530
35627510
35627472
35627438
35626760
35626344
35626317
35625805
35625737
35624973
35624943
35624923
35624901
35624818
35623887
35623871
35623373
35622434
35622410
35622085
35621146
35620558
35620543
35620352
35620185
35620174
35619736
35619573
35618983
35618620
35618472
35618470
35618462
35618461
35617780
35617421
35616891
35616701
35616253
35615987
35615927
35615791
35615695
35615437
35615329
35615063
35615060
35615037
35614970
35614330
35614263
35614233
35614173
35614108
35612768
35612655
35612502
35612401
35611349
35610313
35610250
35610098
35609900
35609533
35609313
35608736
35608715
35608621
35608619
35608501
35608450
35608443
35608204
35607826
35607812
35607739
35607562
35607548
35607525
35607267
35606656
35606631
35606552
35606551
35606106
35606038
35605967
35605276
35605238
35605170
35604618
35604588
35603810
35603763
35603563
35603455
35602927
35602842
35602359
35602198
35601952
35601884
35601440
35601258
35600811
35600705
35600134
35600000
35599837
35599606
35599507
35599487
35599454
35598584
35598567
35598178
35598023
35597765
35597442
35596929
35596571
35595598
35595050
35594336
35592959
35592751
35592269
35592266
35592048
35590317
35590312
35590069
35589661
35589549
35588264
35588048
35588043
35587087
35586759
35585256
35585196
35584895
35584886
35584875
35584850
35584848
35584825
35584816
35584487
35583357
35583305
35583040
35583039
35583038
35582699
35582695
35581348
35580970
35580040
35579496
35579205
35578886
35578802
35578636
35578190
35578130
35578039
35577377
35577166
35577119
35577079
35576848
35576613
35576516
35576391
35576316
35576015
35575989
35575011
35574183
35574175
35574047
35573584
35573511
35573487
35573390
35572936
35572514
35572465
35572353
35572152
35571554
35571551
35571527
35571455
35571200
35571085
35570247
35570238
35570204
35569640
35569544
35568733
35568731
35568518
35568322
35568146
35568052
35567575
35567391
35566549
35566536
35566502
35566253
35565074
35564663
35564579
35564488
35564348
35563764
35563537
35562623
35562379
35562296
35562241
35562145
35561998
35561837
35561540
35561352
35558368
35557480
35555926
35552501
35552466
35552326
35550718
35550361
35550206
35550190
35548336
35547540
35547532
35547446
35547372
35546380
35546028
35545971
35545946
35545780
35545484
35545307
35544976
35544909
35544724
35544272
35544159
35543533
35543105
35540721
35538905
35538880
35538386
35538169
35537822
35537770
35537767
35537401
35537236
35537132
35536408
35536134
35534994
35534753
35534648
35534483
35534210
35533456
35533314
35533129
35531328
35531263
35531057
35530116
35529457
35529336
35527821
35527479
35527119
35526037
35525687
35525527
35525253
35525105
35524727
35524667
35524622
35524502
35524358
35524223
35524203
35524067
35523708
35523438
35522828
35522823
35522314
35522081
35521973
35521969
35521752
35521629
35519923
35516715
35514142
35513692
35513506
35513422
35512651
35512327
35511731
35510852
35510024
35509111
35509060
35508284
35508067
35508066
35507837
35507775
35507720
35507278
35506816
35506317
35505955
35505938
35505931
35505834
35505733
35505665
35505635
35503921
35503607
35503606
35502514
35502088
35502087
35502085
35502072
35501458
35501396
35500646
35500644
35500157
35498893
35498789
35498557
35498534
35498053
35497690
35497026
35496664
35496661
35496469
35496055
35495964
35495619
35495288
35495005
35494997
35494916
35493814
35493732
35493500
35493431
35492595
35492581
35492073
35491426
35491089
35490909
35490788
35490385
35490117
35490087
35489367
35489015
35488918
35488831
35488695
35488687
35488683
35488314
35488102
35487992
35487886
35487533
35486940
35486641
35486375
35486129
35485738
35485061
35484811
35484639
35484430
35483750
35481735
35480496
35479062
35478078
35477923
35477881
35477524
35477283
35477145
35476245
35475192
35475081
35475008
35474919
35474749
35473921
35473737
35473700
35472801
35472305
35472304
35471475
35470679
35470419
35470418
35470221
35469768
35469487
35469238
35469123
35468614
35468608
35468586
35468083
35467330
35467007
35466743
35466278
35465954
35465517
35465254
35465246
35465132
35464997
35464749
35464473
35464419
35464396
35464328
35464182
35464004
35463893
35463767
35463609
35463576
35463530
35463490
35463206
35463130
35462637
35462037
35462000
35461991
35461813
35461733
35461172
35460936
35460737
35459747
35459717
35459694
35459672
35458506
35458482
35458480
35458189
35458142
35457093
35457086
35456997
35456321
35456309
35456140
35456065
35455977
35455962
35455789
35455761
35455679
35455620
35455512
35455008
35454374
35454362
35454353
35454144
35454008
35453932
35453883
35453563
35453531
35453524
35453059
35452519
35451721
35451276
35451112
35450527
35450459
35450115
35450106
35449757
35449732
35449667
35449467
35447986
35447981
35447962
35447302
35447125
35446921
35445797
35445461
35445425
35445238
35445129
35444873
35444832
35444815
35444632
35444473
35443975
35443680
35443515
35443510
35443500
35442436
35442269
35441433
35441129
35440855
35440826
35440567
35440497
35440321
35440166
35439679
35439042
35438301
35437513
35436830
35436340
35435842
35435023
35434772
35434769
35434707
